0	1.7172e+08	0	1.7334e+08	0	1.7182e+08	0	1.7345e+08	0	1.7306e+08	0	1.709e+08	0	1.7294e+08	0	1.7105e+08	0	1.7269e+08	0	1.7144e+08	0	1.7352e+08	0	1.7367e+08	0	1.7455e+08	0	1.7524e+08
0.02	69740	0.02	88200	0.02	76995	0.02	75181	0.02	81571	0.02	81960	0.02	91142	0.02	91509	0.02	73282	0.02	78652	0.02	73368	0.02	75714	0.02	80284	0.02	77042
0.04	19066	0.04	14779	0.04	17356	0.04	12123	0.04	12279	0.04	17398	0.04	14473	0.04	10557	0.04	11640	0.04	18469	0.04	18386	0.04	12434	0.04	12783	0.04	14571
0.06	9000.7	0.06	5600.8	0.06	6618.2	0.06	9065.9	0.06	5229.5	0.06	4668.4	0.06	6224.1	0.06	4491.7	0.06	8302.9	0.06	6147.6	0.06	8268.3	0.06	5641.7	0.06	7657.1	0.06	5279.9
0.08	8896	0.08	2343.8	0.08	7005.3	0.08	5738	0.08	7232.6	0.08	4359.2	0.08	5665.4	0.08	5736.6	0.08	9577	0.08	4135.8	0.08	7215.3	0.08	4542.3	0.08	7547.3	0.08	5583.4
0.1	7131.4	0.1	4853.3	0.1	5331.7	0.1	5604.8	0.1	2449.8	0.1	3922	0.1	2915.2	0.1	3779.7	0.1	2865.1	0.1	3984	0.1	4727.8	0.1	3416.1	0.1	3654.8	0.1	3106.9
0.12	3313.4	0.12	4600.3	0.12	4431.7	0.12	2435.8	0.12	3443	0.12	3883.4	0.12	1806	0.12	3897.7	0.12	621.59	0.12	2555.2	0.12	2221.7	0.12	4627.8	0.12	4229.5	0.12	2652.7
0.14	1630.6	0.14	2835.4	0.14	3556.1	0.14	2756.5	0.14	5398	0.14	2509.3	0.14	3157.7	0.14	3201.7	0.14	2315.5	0.14	4349.6	0.14	3886.6	0.14	2425.1	0.14	3854.5	0.14	2390.4
0.16	2578.4	0.16	1397.4	0.16	3093.8	0.16	3179.9	0.16	2746.1	0.16	3049.3	0.16	2862.4	0.16	3612.4	0.16	2324.5	0.16	3146.9	0.16	3627.9	0.16	1906.1	0.16	1572.4	0.16	1985.7
0.18	2354.6	0.18	4296.6	0.18	1613.5	0.18	1218.1	0.18	1972.8	0.18	1715.1	0.18	3923.8	0.18	1058.4	0.18	2833.6	0.18	2960.7	0.18	2364.5	0.18	1285.9	0.18	2673.4	0.18	2263.1
0.2	1797.7	0.2	1727.6	0.2	2205.3	0.2	1768.5	0.2	1862	0.2	2347.1	0.2	1717.1	0.2	1134.6	0.2	3612.1	0.2	1280.9	0.2	2630.4	0.2	2456.1	0.2	3731.7	0.2	1539
0.22	1961.9	0.22	1924	0.22	1572.4	0.22	880.47	0.22	1783.2	0.22	1638.6	0.22	1135	0.22	1087.6	0.22	3042.2	0.22	2164.5	0.22	1143.2	0.22	1843.7	0.22	1265.7	0.22	1193
0.24	2592	0.24	844.05	0.24	1765.6	0.24	749.8	0.24	2490	0.24	1550.1	0.24	896.2	0.24	1449.8	0.24	913.98	0.24	1002.5	0.24	1829.9	0.24	845.21	0.24	1150.6	0.24	2271.3
0.26	1880.9	0.26	1739.7	0.26	920.7	0.26	1577.9	0.26	940.7	0.26	718.94	0.26	1209.7	0.26	999.91	0.26	1756.1	0.26	2089.6	0.26	1416	0.26	1019.4	0.26	579.72	0.26	1517.3
0.28	3391	0.28	1175.8	0.28	795.23	0.28	454.71	0.28	586.5	0.28	793.08	0.28	904.54	0.28	1134.4	0.28	485.79	0.28	780.48	0.28	847.55	0.28	686.42	0.28	1234.4	0.28	1192.3
0.3	1996.1	0.3	880.77	0.3	791.09	0.3	458.81	0.3	650.36	0.3	370.3	0.3	413.33	0.3	1063.8	0.3	481.96	0.3	896.62	0.3	765.58	0.3	1017.9	0.3	573.92	0.3	1217.3
0.32	1810.6	0.32	440.1	0.32	907.97	0.32	461.83	0.32	239.3	0.32	693.48	0.32	390.99	0.32	509.94	0.32	1100.8	0.32	606.7	0.32	553.96	0.32	1011.2	0.32	307.39	0.32	505.69
0.34	1597.7	0.34	649.7	0.34	496.15	0.34	861.74	0.34	1059	0.34	338.74	0.34	637.72	0.34	538.45	0.34	414.27	0.34	591.93	0.34	958.87	0.34	862.91	0.34	661.31	0.34	182.68
0.36	684.96	0.36	830.01	0.36	370.44	0.36	272.03	0.36	445.21	0.36	308.59	0.36	339.36	0.36	262.98	0.36	602.53	0.36	396.58	0.36	256.28	0.36	490.72	0.36	401.57	0.36	801.9
0.38	1253.9	0.38	570.82	0.38	344.09	0.38	380.97	0.38	484.12	0.38	191.9	0.38	190.88	0.38	521.85	0.38	1020.2	0.38	390.08	0.38	456.31	0.38	830.25	0.38	619.14	0.38	267.01
0.4	856.59	0.4	334.56	0.4	318.1	0.4	401.43	0.4	426.27	0.4	160.47	0.4	303.25	0.4	309.21	0.4	643.21	0.4	137.9	0.4	389.67	0.4	482.59	0.4	356.07	0.4	299.56
0.42	679.1	0.42	179.06	0.42	121.83	0.42	549.9	0.42	300.25	0.42	119.03	0.42	108.52	0.42	168.55	0.42	388.07	0.42	225.28	0.42	361.18	0.42	181.16	0.42	198.89	0.42	351.13
0.44	1291.4	0.44	140.31	0.44	292.21	0.44	121.36	0.44	139.33	0.44	152.5	0.44	32.909	0.44	207.99	0.44	400.35	0.44	177.23	0.44	234.7	0.44	149.11	0.44	59.327	0.44	328.68
0.46	1053.2	0.46	121.3	0.46	99.528	0.46	264.78	0.46	311.49	0.46	72.381	0.46	128.52	0.46	102.26	0.46	226.61	0.46	135.03	0.46	187.95	0.46	93.269	0.46	218.1	0.46	113.48
0.48	1601	0.48	131.4	0.48	80.657	0.48	84.522	0.48	137.77	0.48	42.826	0.48	76.017	0.48	89.722	0.48	79.217	0.48	115.65	0.48	166.67	0.48	364.53	0.48	242.23	0.48	127.17
0.5	509.28	0.5	72.101	0.5	75.385	0.5	72.297	0.5	118.77	0.5	22.793	0.5	27.904	0.5	88.385	0.5	100.11	0.5	54.968	0.5	121.89	0.5	168.44	0.5	248.34	0.5	187.25
0.52	703.37	0.52	51.13	0.52	108.09	0.52	168.23	0.52	130.86	0.52	46.161	0.52	44.622	0.52	50.814	0.52	107.48	0.52	61.638	0.52	60.466	0.52	153.56	0.52	97.763	0.52	123.03
0.54	183.15	0.54	82.372	0.54	67.156	0.54	50.821	0.54	93.402	0.54	15.489	0.54	53.943	0.54	40.328	0.54	93.702	0.54	49.917	0.54	86.422	0.54	38.039	0.54	80.567	0.54	29.666
0.56	481.18	0.56	98.394	0.56	24.898	0.56	38.403	0.56	51.296	0.56	15.427	0.56	44.775	0.56	108.17	0.56	60.776	0.56	55.863	0.56	64.419	0.56	66.757	0.56	83.731	0.56	71.197
0.58	499.02	0.58	41.43	0.58	20.498	0.58	98.383	0.58	50.588	0.58	12.719	0.58	27.038	0.58	31.116	0.58	62.187	0.58	20.646	0.58	55.091	0.58	38.899	0.58	20.551	0.58	52.084
0.6	392.29	0.6	21.396	0.6	10.627	0.6	43.145	0.6	55.366	0.6	16.835	0.6	28.286	0.6	18.303	0.6	27.829	0.6	7.884	0.6	124.12	0.6	45.873	0.6	61.081	0.6	45.446
0.62	174.24	0.62	19.682	0.62	21.998	0.62	42.733	0.62	41.148	0.62	7.0375	0.62	11.684	0.62	14.14	0.62	21.097	0.62	14.52	0.62	49.037	0.62	27.452	0.62	25.708	0.62	43.409
0.64	281.6	0.64	17.941	0.64	8.6281	0.64	32.948	0.64	11.097	0.64	5.9744	0.64	21.804	0.64	24.38	0.64	21.436	0.64	9.571	0.64	31.505	0.64	19.107	0.64	21.701	0.64	38.854
0.66	138.42	0.66	12.343	0.66	15.939	0.66	10.293	0.66	32.984	0.66	9.9839	0.66	4.2184	0.66	28.526	0.66	7.5683	0.66	15.739	0.66	5.0356	0.66	22.345	0.66	16.519	0.66	13.298
0.68	404.68	0.68	6.9358	0.68	8.7331	0.68	10.503	0.68	10.945	0.68	4.7052	0.68	9.543	0.68	13.199	0.68	14.28	0.68	13.074	0.68	26.645	0.68	7.6562	0.68	30.648	0.68	19.067
0.7	394.75	0.7	14.184	0.7	4.4333	0.7	19.043	0.7	9.4363	0.7	1.9009	0.7	10.036	0.7	13.875	0.7	20.14	0.7	8.8611	0.7	7.6285	0.7	14.025	0.7	12.741	0.7	20.691
0.72	102.54	0.72	3.7304	0.72	3.22	0.72	2.885	0.72	17.259	0.72	1.8235	0.72	9.8742	0.72	10.962	0.72	16.298	0.72	4.653	0.72	25.364	0.72	19.257	0.72	6.4247	0.72	8.0915
0.74	608.08	0.74	3.8469	0.74	3.9927	0.74	3.5688	0.74	3.0564	0.74	2.2319	0.74	3.9224	0.74	6.0051	0.74	12.168	0.74	5.9661	0.74	12.45	0.74	11.89	0.74	10.075	0.74	17.545
0.76	149.5	0.76	5.1236	0.76	1.8812	0.76	2.6233	0.76	9.8643	0.76	1.8056	0.76	11.673	0.76	8.2902	0.76	5.6633	0.76	1.9571	0.76	8.976	0.76	12.925	0.76	3.0732	0.76	10.971
0.78	381.49	0.78	3.0679	0.78	3.2391	0.78	2.2751	0.78	7.625	0.78	2.3231	0.78	9.9485	0.78	8.163	0.78	4.8973	0.78	3.2493	0.78	4.8526	0.78	8.7145	0.78	4.2704	0.78	6.1375
0.8	98.601	0.8	2.4405	0.8	2.2959	0.8	4.9423	0.8	4.7093	0.8	3.3764	0.8	7.6641	0.8	4.9976	0.8	2.6752	0.8	2.7461	0.8	7.74	0.8	2.5346	0.8	4.2403	0.8	4.2902
0.82	310.92	0.82	1.9093	0.82	2.9545	0.82	3.2587	0.82	4.7224	0.82	2.1401	0.82	7.4469	0.82	3.1758	0.82	2.2947	0.82	2.6944	0.82	6.6418	0.82	6.8723	0.82	3.3238	0.82	4.5112
0.84	122.23	0.84	2.3052	0.84	1.7242	0.84	3.5093	0.84	6.6284	0.84	3.2467	0.84	3.8507	0.84	2.656	0.84	2.2207	0.84	1.8026	0.84	5.6628	0.84	2.8636	0.84	4.9301	0.84	8.4395
0.86	56.333	0.86	1.253	0.86	1.4284	0.86	2.28	0.86	3.7659	0.86	1.8208	0.86	6.3427	0.86	3.0216	0.86	3.6851	0.86	0.96849	0.86	3.0516	0.86	3.474	0.86	1.0662	0.86	7.268
0.88	191.04	0.88	1.6057	0.88	1.8447	0.88	0.88824	0.88	3.923	0.88	0.78714	0.88	3.6641	0.88	1.3167	0.88	1.6433	0.88	1.4006	0.88	2.1318	0.88	3.2635	0.88	1.5268	0.88	3.4021
0.9	109.55	0.9	2.2369	0.9	1.8295	0.9	3.7099	0.9	4.0043	0.9	1.8746	0.9	5.615	0.9	1.4474	0.9	2.1124	0.9	0.94274	0.9	2.4435	0.9	1.7478	0.9	2.8183	0.9	4.1391
0.92	133.53	0.92	1.3526	0.92	3.1376	0.92	1.1259	0.92	3.0901	0.92	2.3005	0.92	3.6781	0.92	0.96544	0.92	0.93552	0.92	0.61707	0.92	1.759	0.92	1.8435	0.92	2.2142	0.92	1.6573
0.94	65.159	0.94	0.95777	0.94	1.6564	0.94	3.714	0.94	2.4277	0.94	2.0653	0.94	2.8757	0.94	0.68221	0.94	0.63144	0.94	2.5333	0.94	1.3886	0.94	2.4479	0.94	1.4701	0.94	3.7428
0.96	5.9743	0.96	0.78133	0.96	1.1568	0.96	0.71409	0.96	1.7301	0.96	0.76294	0.96	2.4664	0.96	1.7954	0.96	1.251	0.96	0.48808	0.96	1.4388	0.96	2.9724	0.96	2.0277	0.96	3.1714
0.98	21.728	0.98	0.7488	0.98	1.9112	0.98	2.0314	0.98	3.7907	0.98	1.3279	0.98	4.8087	0.98	0.7924	0.98	2.1504	0.98	1.1232	0.98	0.79755	0.98	2.1168	0.98	3.2688	0.98	1.2571
1	53.629	1	2.5514	1	2.2758	1	1.0003	1	1.1856	1	0.69483	1	1.7824	1	1.5313	1	0.93026	1	0.70074	1	1.9471	1	2.1456	1	1.6276	1	1.462
1.02	51.876	1.02	0.62786	1.02	1.5873	1.02	0.87989	1.02	1.8632	1.02	0.31591	1.02	1.972	1.02	1.0255	1.02	0.3436	1.02	1.1902	1.02	0.85698	1.02	1.0315	1.02	2.0077	1.02	1.1569
1.04	102.27	1.04	1.0748	1.04	0.67955	1.04	1.8407	1.04	0.76802	1.04	1.1175	1.04	2.9072	1.04	1.1439	1.04	0.48199	1.04	0.84648	1.04	1.0769	1.04	1.0207	1.04	0.85909	1.04	3.3066
1.06	11.821	1.06	0.34826	1.06	1.2507	1.06	0.15714	1.06	1.3638	1.06	1.7109	1.06	1.2933	1.06	0.44359	1.06	0.2391	1.06	0.2881	1.06	1.073	1.06	0.62743	1.06	1.1435	1.06	1.8182
1.08	44.698	1.08	0.7792	1.08	1.9413	1.08	1.3352	1.08	2.116	1.08	0.88879	1.08	1.5256	1.08	0.85596	1.08	1.3009	1.08	0.66266	1.08	0.93365	1.08	1.0753	1.08	0.85975	1.08	2.6677
1.1	11.63	1.1	0.41144	1.1	0.78209	1.1	1.1467	1.1	0.97529	1.1	0.73783	1.1	1.2619	1.1	0.4243	1.1	0.76349	1.1	0.73184	1.1	0.78176	1.1	0.54042	1.1	1.5053	1.1	2.5017
1.12	17.135	1.12	0.74727	1.12	0.91915	1.12	1.5843	1.12	1.0185	1.12	1.8998	1.12	2.3401	1.12	0.36763	1.12	0.58277	1.12	0.4513	1.12	0.73741	1.12	0.51019	1.12	2.0381	1.12	2.9588
1.14	44.652	1.14	0.15709	1.14	0.74759	1.14	1.5923	1.14	0.86639	1.14	1.9943	1.14	1.4941	1.14	0.38997	1.14	0.53608	1.14	0.59191	1.14	0.63582	1.14	0.95451	1.14	0.46123	1.14	2.1387
1.16	32.918	1.16	0.69675	1.16	1.0469	1.16	0.95338	1.16	0.36321	1.16	0.47784	1.16	0.90742	1.16	0.85271	1.16	0.64216	1.16	0.43347	1.16	0.32266	1.16	0.93366	1.16	0.95157	1.16	1.5976
1.18	20.122	1.18	0.77078	1.18	0.75346	1.18	0.43129	1.18	1.7814	1.18	0.95315	1.18	1.3846	1.18	0.31665	1.18	0.38369	1.18	0.63594	1.18	0.54224	1.18	1.5524	1.18	0.63896	1.18	0.62564
1.2	27.307	1.2	0.79779	1.2	0.58299	1.2	0.77597	1.2	0.21798	1.2	0.81918	1.2	1.6848	1.2	0.44946	1.2	0.79224	1.2	0.56198	1.2	0.69408	1.2	1.0165	1.2	1.1261	1.2	0.3797
1.22	8.3859	1.22	0.66209	1.22	0.21992	1.22	0.44593	1.22	0.68131	1.22	0.16576	1.22	2.117	1.22	0.69807	1.22	0.19212	1.22	0.14368	1.22	0.33405	1.22	0.88414	1.22	0.2168	1.22	1.0198
1.24	18.522	1.24	0.26806	1.24	0.54137	1.24	0.51036	1.24	1.3349	1.24	1.2747	1.24	0.88183	1.24	0.64538	1.24	0.36709	1.24	0.30713	1.24	0.34616	1.24	0.37878	1.24	0.2304	1.24	0.80882
1.26	20.081	1.26	0.70037	1.26	0.37606	1.26	0.64015	1.26	0.98271	1.26	2.0351	1.26	0.83608	1.26	0.16602	1.26	0.40712	1.26	0.50156	1.26	0.14707	1.26	0.60702	1.26	0.75478	1.26	1.4175
1.28	11.164	1.28	0.32545	1.28	0.70294	1.28	0.705	1.28	0.47678	1.28	0.66238	1.28	1.0465	1.28	0.095871	1.28	0.39687	1.28	0.24756	1.28	0.5999	1.28	0.44861	1.28	0.77047	1.28	0.40317
1.3	6.024	1.3	0.20622	1.3	0.50304	1.3	0.49391	1.3	0.69003	1.3	0.64408	1.3	1.5008	1.3	0.30001	1.3	0.22967	1.3	0.19407	1.3	0.28477	1.3	0.54084	1.3	0.53989	1.3	1.3986
1.32	7.9406	1.32	0.11259	1.32	0.56901	1.32	0.53918	1.32	0.41722	1.32	1.0304	1.32	0.91213	1.32	0.66126	1.32	0.33871	1.32	0.21101	1.32	0.19342	1.32	0.20093	1.32	0.40461	1.32	1.3236
1.34	2.7283	1.34	0.16203	1.34	0.69365	1.34	0.5518	1.34	0.4965	1.34	0.60276	1.34	2.0486	1.34	0.60932	1.34	0.58919	1.34	0.26455	1.34	0.5418	1.34	0.36678	1.34	0.2326	1.34	2.2345
1.36	4.3052	1.36	0.54727	1.36	0.67757	1.36	0.30392	1.36	0.80438	1.36	0.40092	1.36	1.1957	1.36	0.81588	1.36	0.37118	1.36	0.17036	1.36	0.19096	1.36	0.54768	1.36	0.79024	1.36	1.1787
1.38	1.6672	1.38	0.22054	1.38	1.292	1.38	0.762	1.38	1.246	1.38	0.53231	1.38	1.5669	1.38	0.30371	1.38	0.1721	1.38	0.26035	1.38	0.56732	1.38	0.44469	1.38	0.52443	1.38	1.2937
1.4	4.0466	1.4	0.29735	1.4	0.71698	1.4	0.76624	1.4	0.64531	1.4	0.96572	1.4	0.92362	1.4	0.9265	1.4	0.16463	1.4	0.26763	1.4	0.2555	1.4	0.4412	1.4	0.7584	1.4	0.85551
1.42	1.357	1.42	0.3337	1.42	0.63163	1.42	0.85424	1.42	1.2573	1.42	0.31768	1.42	1.137	1.42	0.1704	1.42	0.19256	1.42	0.40082	1.42	0.12115	1.42	0.38781	1.42	0.11521	1.42	0.40068
1.44	2.7115	1.44	0.077873	1.44	0.54326	1.44	0.20235	1.44	0.55284	1.44	0.29676	1.44	0.57843	1.44	0.25263	1.44	0.24803	1.44	0.099235	1.44	0.39108	1.44	0.34327	1.44	0.53396	1.44	0.88706
1.46	1.3228	1.46	0.2463	1.46	1.0745	1.46	0.31476	1.46	0.82747	1.46	0.56713	1.46	1.0848	1.46	0.35608	1.46	0.18157	1.46	0.49657	1.46	0.11943	1.46	0.25594	1.46	0.17963	1.46	0.65612
1.48	3.2167	1.48	0.30697	1.48	0.46924	1.48	0.44774	1.48	0.94942	1.48	0.36868	1.48	1.0816	1.48	0.44259	1.48	0.19561	1.48	0.18199	1.48	0.25922	1.48	0.29855	1.48	0.22523	1.48	0.8965
1.5	0.91871	1.5	0.25568	1.5	0.45782	1.5	0.80572	1.5	1.149	1.5	0.18514	1.5	0.63275	1.5	0.51027	1.5	0.076242	1.5	0.22745	1.5	0.39499	1.5	0.17862	1.5	0.42529	1.5	0.73291
1.52	1.6838	1.52	0.23007	1.52	0.52897	1.52	0.69856	1.52	0.37001	1.52	0.72003	1.52	0.96331	1.52	0.36683	1.52	0.25975	1.52	0.40022	1.52	0.32817	1.52	0.19791	1.52	0.34504	1.52	0.17629
1.54	1.7666	1.54	0.28006	1.54	0.43372	1.54	0.33448	1.54	1.1912	1.54	0.33129	1.54	0.44474	1.54	0.51844	1.54	0.19882	1.54	0.37913	1.54	0.34531	1.54	0.1706	1.54	0.26817	1.54	0.38206
1.56	1.5015	1.56	0.29743	1.56	0.3413	1.56	0.087174	1.56	0.30582	1.56	0.64502	1.56	1.6166	1.56	0.25589	1.56	0.097481	1.56	0.15751	1.56	0.085971	1.56	0.42407	1.56	0.18	1.56	0.5057
1.58	1.7531	1.58	0.35101	1.58	0.24015	1.58	0.21194	1.58	0.26596	1.58	0.56486	1.58	0.68453	1.58	0.48676	1.58	0.20871	1.58	0.13592	1.58	0.29157	1.58	0.059453	1.58	0.47861	1.58	0.56941
1.6	0.91382	1.6	0.10127	1.6	0.46541	1.6	0.18706	1.6	0.798	1.6	0.45398	1.6	0.96612	1.6	0.33342	1.6	0.30022	1.6	0.2613	1.6	0.20823	1.6	0.23429	1.6	0.29747	1.6	0.43459
1.62	1.0733	1.62	0.13789	1.62	0.31667	1.62	0.10454	1.62	0.82073	1.62	0.24113	1.62	0.7997	1.62	0.21848	1.62	0.46434	1.62	0.16633	1.62	0.41661	1.62	0.16561	1.62	0.19943	1.62	0.74389
1.64	3.4555	1.64	0.25549	1.64	0.50753	1.64	0.32994	1.64	0.31146	1.64	0.35967	1.64	0.65771	1.64	0.096501	1.64	0.16391	1.64	0.18317	1.64	0.26983	1.64	0.3433	1.64	0.26197	1.64	0.7501
1.66	0.22015	1.66	0.26607	1.66	0.45192	1.66	0.27576	1.66	0.55142	1.66	0.20847	1.66	0.55887	1.66	0.47687	1.66	0.087155	1.66	0.15423	1.66	0.32063	1.66	0.26106	1.66	0.50028	1.66	0.8551
1.68	0.91165	1.68	0.15573	1.68	0.38858	1.68	0.26924	1.68	0.45535	1.68	0.33913	1.68	1.0252	1.68	0.032845	1.68	0.11396	1.68	0.14143	1.68	0.20756	1.68	0.238	1.68	0.43536	1.68	0.39029
1.7	1.155	1.7	0.23596	1.7	0.17745	1.7	0.16686	1.7	0.66035	1.7	0.42602	1.7	0.84618	1.7	0.24585	1.7	0.081158	1.7	0.15844	1.7	0.23035	1.7	0.27034	1.7	0.33533	1.7	0.48299
1.72	0.58492	1.72	0.16835	1.72	0.37637	1.72	0.22889	1.72	0.45012	1.72	0.41347	1.72	0.59277	1.72	0.29245	1.72	0.15893	1.72	0.10806	1.72	0.20217	1.72	0.27975	1.72	0.26987	1.72	0.78361
1.74	0.39459	1.74	0.11103	1.74	0.22052	1.74	0.36916	1.74	0.33451	1.74	0.29572	1.74	1.2857	1.74	0.2092	1.74	0.21946	1.74	0.26415	1.74	0.16992	1.74	0.258	1.74	0.49684	1.74	0.86614
1.76	0.48173	1.76	0.074348	1.76	0.074365	1.76	0.30023	1.76	0.37118	1.76	0.20137	1.76	0.35741	1.76	0.48124	1.76	0.27595	1.76	0.28194	1.76	0.19862	1.76	0.11277	1.76	0.42024	1.76	0.37969
1.78	0.98462	1.78	0.13645	1.78	0.28664	1.78	0.51876	1.78	0.46441	1.78	0.19849	1.78	0.34947	1.78	0.21077	1.78	0.15206	1.78	0.2144	1.78	0.19579	1.78	0.15462	1.78	0.3054	1.78	0.58138
1.8	0.38962	1.8	0.1921	1.8	0.26787	1.8	0.20169	1.8	0.41813	1.8	0.30103	1.8	0.43902	1.8	0.064188	1.8	0.095797	1.8	0.16233	1.8	0.31079	1.8	0.14542	1.8	0.38919	1.8	0.4188
1.82	1.0683	1.82	0.252	1.82	0.2341	1.82	0.20047	1.82	0.20997	1.82	0.045783	1.82	0.21144	1.82	0.18812	1.82	0.14717	1.82	0.043874	1.82	0.065751	1.82	0.23675	1.82	0.32833	1.82	0.93819
1.84	0.28839	1.84	0.3093	1.84	0.36305	1.84	0.40191	1.84	0.67428	1.84	0.14217	1.84	0.6016	1.84	0.1876	1.84	0.042247	1.84	0.13271	1.84	0.071241	1.84	0.26283	1.84	0.17046	1.84	0.23806
1.86	0.42179	1.86	0.24609	1.86	0.31353	1.86	0.094327	1.86	0.37945	1.86	0.067012	1.86	0.43099	1.86	0.32279	1.86	0.16744	1.86	0.34038	1.86	0.25458	1.86	0.099064	1.86	0.20428	1.86	0.52189
1.88	0.35131	1.88	0.049102	1.88	0.37406	1.88	0.23124	1.88	0.21925	1.88	0.2716	1.88	0.32147	1.88	0.24245	1.88	0.085643	1.88	0.068678	1.88	0.21524	1.88	0.071756	1.88	0.088702	1.88	0.16989
1.9	0.24647	1.9	0.25013	1.9	0.066552	1.9	0.27956	1.9	0.45799	1.9	0.12965	1.9	0.58441	1.9	0.1626	1.9	0.098632	1.9	0.1847	1.9	0.14002	1.9	0.13072	1.9	0.34731	1.9	0.63392
1.92	0.43985	1.92	0.16934	1.92	0.26443	1.92	0.23813	1.92	0.39203	1.92	0.2697	1.92	0.27453	1.92	0.25607	1.92	0.11308	1.92	0.17863	1.92	0.052891	1.92	0.13256	1.92	0.6551	1.92	0.49712
1.94	0.77166	1.94	0.12999	1.94	0.21351	1.94	0.26423	1.94	0.22958	1.94	0.20633	1.94	0.38462	1.94	0.13222	1.94	0.23205	1.94	0.11342	1.94	0.17588	1.94	0.2236	1.94	0.23655	1.94	0.26965
1.96	0.69453	1.96	0.14964	1.96	0.10869	1.96	0.18154	1.96	0.39616	1.96	0.10373	1.96	0.17502	1.96	0.17139	1.96	0.13188	1.96	0.083635	1.96	0.12236	1.96	0.26203	1.96	0.091148	1.96	0.20754
1.98	0.53693	1.98	0.10876	1.98	0.15946	1.98	0.16601	1.98	0.23001	1.98	0.15863	1.98	0.54395	1.98	0.39669	1.98	0.20559	1.98	0.09663	1.98	0.044343	1.98	0.15225	1.98	0.095305	1.98	0.16236
2	0.70729	2	0.14352	2	0.18506	2	0.48604	2	0.21424	2	0.21902	2	0.16297	2	0.30016	2	0.30368	2	0.18737	2	0.11777	2	0.22954	2	0.10391	2	0.43607
2.02	0.46423	2.02	0.23733	2.02	0.34491	2.02	0.1963	2.02	0.28079	2.02	0.10986	2.02	0.66878	2.02	0.12696	2.02	0.16608	2.02	0.12462	2.02	0.092023	2.02	0.13612	2.02	0.20989	2.02	0.44134
2.04	0.15839	2.04	0.11515	2.04	0.39868	2.04	0.091242	2.04	0.51012	2.04	0.16691	2.04	0.22594	2.04	0.27216	2.04	0.090212	2.04	0.085599	2.04	0.11503	2.04	0.18999	2.04	0.13366	2.04	0.13479
2.06	0.32384	2.06	0.15587	2.06	0.21046	2.06	0.15157	2.06	0.169	2.06	0.20223	2.06	0.45864	2.06	0.072033	2.06	0.19254	2.06	0.19477	2.06	0.11716	2.06	0.20895	2.06	0.1742	2.06	0.21716
2.08	0.3118	2.08	0.11616	2.08	0.17794	2.08	0.28289	2.08	0.2686	2.08	0.16372	2.08	0.35243	2.08	0.38395	2.08	0.20884	2.08	0.11386	2.08	0.0080653	2.08	0.091558	2.08	0.19496	2.08	0.39751
2.1	0.20108	2.1	0.16953	2.1	0.32716	2.1	0.20541	2.1	0.40524	2.1	0.2555	2.1	0.39957	2.1	0.20982	2.1	0.2171	2.1	0.11449	2.1	0.045968	2.1	0.28561	2.1	0.20621	2.1	0.11045
2.12	0.60625	2.12	0.12366	2.12	0.12559	2.12	0.20302	2.12	0.35447	2.12	0.056105	2.12	0.32952	2.12	0.2136	2.12	0.13964	2.12	0.051226	2.12	0.073465	2.12	0.071596	2.12	0.22163	2.12	0.28969
2.14	0.20337	2.14	0.14256	2.14	0.13521	2.14	0.31503	2.14	0.19891	2.14	0.063752	2.14	0.23013	2.14	0.38542	2.14	0.1557	2.14	0.21668	2.14	0.18448	2.14	0.12639	2.14	0.20251	2.14	0.15138
2.16	0.47791	2.16	0.073171	2.16	0.05864	2.16	0.22797	2.16	0.39309	2.16	0.088127	2.16	0.2658	2.16	0.20242	2.16	0.082803	2.16	0.15968	2.16	0.045014	2.16	0.12601	2.16	0.34435	2.16	0.43862
2.18	0.26262	2.18	0.043983	2.18	0.26546	2.18	0.26126	2.18	0.15489	2.18	0.078039	2.18	0.31133	2.18	0.14673	2.18	0.13762	2.18	0.066274	2.18	0.20324	2.18	0.11731	2.18	0.09305	2.18	0.19666
2.2	0.28267	2.2	0.13944	2.2	0.11454	2.2	0.29698	2.2	0.30098	2.2	0.29057	2.2	0.092028	2.2	0.055457	2.2	0.10948	2.2	0.074496	2.2	0.18422	2.2	0.13206	2.2	0.21922	2.2	0.22682
2.22	0.19993	2.22	0.090483	2.22	0.085442	2.22	0.12804	2.22	0.19417	2.22	0.1915	2.22	0.28817	2.22	0.19338	2.22	0.10968	2.22	0.099173	2.22	0.14693	2.22	0.19182	2.22	0.20036	2.22	0.11845
2.24	0.16256	2.24	0.14102	2.24	0.24261	2.24	0.20306	2.24	0.27387	2.24	0.1065	2.24	0.16043	2.24	0.12091	2.24	0.1202	2.24	0.32538	2.24	0.20851	2.24	0.059278	2.24	0.085418	2.24	0.32895
2.26	0.25632	2.26	0.13309	2.26	0.32911	2.26	0.33273	2.26	0.29447	2.26	0.14821	2.26	0.4708	2.26	0.18041	2.26	0.056411	2.26	0.092442	2.26	0.15965	2.26	0.14121	2.26	0.19712	2.26	0.16753
2.28	0.36749	2.28	0.035247	2.28	0.082378	2.28	0.17361	2.28	0.58255	2.28	0.056331	2.28	0.16649	2.28	0.24506	2.28	0.16142	2.28	0.17151	2.28	0.041961	2.28	0.093138	2.28	0.26855	2.28	0.15883
2.3	0.30712	2.3	0.09009	2.3	0.21975	2.3	0.094308	2.3	0.15951	2.3	0.2858	2.3	0.089495	2.3	0.090432	2.3	0.059813	2.3	0.051149	2.3	0.15154	2.3	0.21249	2.3	0.21732	2.3	0.20892
2.32	0.24835	2.32	0.10579	2.32	0.16346	2.32	0.097946	2.32	0.33546	2.32	0.080888	2.32	0.13921	2.32	0.17359	2.32	0.16217	2.32	0.10527	2.32	0.11761	2.32	0.18481	2.32	0.14335	2.32	0.10381
2.34	0.29875	2.34	0.09749	2.34	0.063861	2.34	0.14751	2.34	0.28461	2.34	0.19703	2.34	0.2124	2.34	0.27479	2.34	0.077975	2.34	0.090523	2.34	0.13849	2.34	0.097295	2.34	0.11335	2.34	0.29021
2.36	0.038766	2.36	0.085984	2.36	0.056547	2.36	0.087367	2.36	0.092354	2.36	0.14801	2.36	0.27743	2.36	0.29724	2.36	0.024111	2.36	0.10053	2.36	0.07871	2.36	0.14145	2.36	0.16934	2.36	0.12333
2.38	0.14221	2.38	0.080613	2.38	0.19382	2.38	0.12109	2.38	0.17353	2.38	0.045519	2.38	0.1818	2.38	0.30217	2.38	0.084476	2.38	0.12587	2.38	0.058715	2.38	0.17102	2.38	0.068761	2.38	0.1821
2.4	0.2679	2.4	0.087584	2.4	0.093288	2.4	0.25378	2.4	0.39118	2.4	0.20351	2.4	0.054974	2.4	0.089988	2.4	0.11221	2.4	0.11083	2.4	0.22548	2.4	0.10736	2.4	0.15729	2.4	0.20609
2.42	0.18899	2.42	0.12627	2.42	0.19464	2.42	0.12076	2.42	0.20368	2.42	0.11343	2.42	0.46595	2.42	0.19027	2.42	0.10383	2.42	0.14442	2.42	0.047326	2.42	0.1114	2.42	0.17287	2.42	0.3388
2.44	0.5052	2.44	0.093077	2.44	0.089112	2.44	0.12529	2.44	0.15406	2.44	0.16116	2.44	0.17402	2.44	0.16797	2.44	0.010458	2.44	0.016512	2.44	0.1113	2.44	0.17611	2.44	0.15944	2.44	0.16788
2.46	0.3298	2.46	0.036117	2.46	0.10384	2.46	0.12094	2.46	0.27802	2.46	0.16201	2.46	0.18787	2.46	0.10993	2.46	0.086225	2.46	0.05238	2.46	0.064761	2.46	0.11921	2.46	0.18638	2.46	0.13032
2.48	0.16908	2.48	0.049304	2.48	0.085919	2.48	0.36617	2.48	0.21707	2.48	0.13302	2.48	0.088128	2.48	0.30591	2.48	0.10707	2.48	0.075041	2.48	0.070214	2.48	0.12919	2.48	0.087415	2.48	0.25618
2.5	0.14109	2.5	0.18191	2.5	0.12407	2.5	0.11472	2.5	0.098546	2.5	0.06716	2.5	0.20342	2.5	0.30097	2.5	0.12219	2.5	0.023747	2.5	0.11501	2.5	0.18898	2.5	0.16266	2.5	0.14974
2.52	0.26271	2.52	0.051623	2.52	0.044146	2.52	0.058757	2.52	0.23464	2.52	0.12502	2.52	0.097377	2.52	0.23191	2.52	0.079024	2.52	0.040914	2.52	0.093945	2.52	0.10633	2.52	0.12699	2.52	0.20754
2.54	0.08882	2.54	0.073444	2.54	0.12047	2.54	0.13657	2.54	0.26009	2.54	0.059972	2.54	0.15175	2.54	0.28822	2.54	0.069473	2.54	0.11797	2.54	0.075335	2.54	0.12302	2.54	0.2825	2.54	0.047385
2.56	0.14172	2.56	0.10197	2.56	0.014079	2.56	0.11403	2.56	0.28325	2.56	0.2492	2.56	0.28149	2.56	0.16693	2.56	0.032911	2.56	0.21075	2.56	0.069482	2.56	0.021302	2.56	0.058771	2.56	0.28806
2.58	0.14897	2.58	0.13474	2.58	0.097911	2.58	0.16086	2.58	0.18525	2.58	0.11264	2.58	0.10354	2.58	0.10131	2.58	0.051591	2.58	0.12066	2.58	0.086219	2.58	0.080818	2.58	0.14496	2.58	0.22212
2.6	0.18208	2.6	0.087027	2.6	0.1135	2.6	0.14947	2.6	0.1241	2.6	0.22526	2.6	0.15785	2.6	0.22999	2.6	0.048246	2.6	0.16692	2.6	0.072212	2.6	0.066597	2.6	0.14055	2.6	0.26674
2.62	0.159	2.62	0.062382	2.62	0.16822	2.62	0.06381	2.62	0.24344	2.62	0.10543	2.62	0.22035	2.62	0.12403	2.62	0.069121	2.62	0.11402	2.62	0.15585	2.62	0.1706	2.62	0.10828	2.62	0.12502
2.64	0.15712	2.64	0.0568	2.64	0.13949	2.64	0.10463	2.64	0.034127	2.64	0.18923	2.64	0.24382	2.64	0.15128	2.64	0.034222	2.64	0.11956	2.64	0.054621	2.64	0.10656	2.64	0.20628	2.64	0.063176
2.66	0.22796	2.66	0.081126	2.66	0.11191	2.66	0.15888	2.66	0.1626	2.66	0.053285	2.66	0.1291	2.66	0.26116	2.66	0.039883	2.66	0.072763	2.66	0.083034	2.66	0.16928	2.66	0.10487	2.66	0.10031
2.68	0.1048	2.68	0.022346	2.68	0.16478	2.68	0.13034	2.68	0.082356	2.68	0.075584	2.68	0.11862	2.68	0.21606	2.68	0.096508	2.68	0.13179	2.68	0.096152	2.68	0.21829	2.68	0.062191	2.68	0.081276
2.7	0.24997	2.7	0.032836	2.7	0.13319	2.7	0.13597	2.7	0.26928	2.7	0.078166	2.7	0.21075	2.7	0.091384	2.7	0.046196	2.7	0.19122	2.7	0.097442	2.7	0.13312	2.7	0.13675	2.7	0.078855
2.72	0.093261	2.72	0.050918	2.72	0.14897	2.72	0.051453	2.72	0.23112	2.72	0.070036	2.72	0.36236	2.72	0.25152	2.72	0.087947	2.72	0.089713	2.72	0.079105	2.72	0.070533	2.72	0.095968	2.72	0.1856
2.74	0.15839	2.74	0.060837	2.74	0.15347	2.74	0.06572	2.74	0.14341	2.74	0.055116	2.74	0.17533	2.74	0.18658	2.74	0.064664	2.74	0.14357	2.74	0.02673	2.74	0.13207	2.74	0.045908	2.74	0.094133
2.76	0.23848	2.76	0.060571	2.76	0.2423	2.76	0.086781	2.76	0.14414	2.76	0.076452	2.76	0.17526	2.76	0.067847	2.76	0.036658	2.76	0.12479	2.76	0.08268	2.76	0.15604	2.76	0.12727	2.76	0.10218
2.78	0.10994	2.78	0.12645	2.78	0.097766	2.78	0.13444	2.78	0.08465	2.78	0.10535	2.78	0.11603	2.78	0.30593	2.78	0.10989	2.78	0.089232	2.78	0.091498	2.78	0.080674	2.78	0.1559	2.78	0.15172
2.8	0.15507	2.8	0.052874	2.8	0.15842	2.8	0.12777	2.8	0.22031	2.8	0.082214	2.8	0.17253	2.8	0.20492	2.8	0.061438	2.8	0.03099	2.8	0.023286	2.8	0.081084	2.8	0.16149	2.8	0.12865
2.82	0.17985	2.82	0.056004	2.82	0.10105	2.82	0.15502	2.82	0.12553	2.82	0.098731	2.82	0.077023	2.82	0.27722	2.82	0.039663	2.82	0.067353	2.82	0.058645	2.82	0.15738	2.82	0.040299	2.82	0.088731
2.84	0.099157	2.84	0.070707	2.84	0.095928	2.84	0.069521	2.84	0.13367	2.84	0.1154	2.84	0.40302	2.84	0.12192	2.84	0.0084739	2.84	0.075799	2.84	0.081557	2.84	0.020581	2.84	0.14835	2.84	0.13084
2.86	0.10415	2.86	0.044214	2.86	0.0443	2.86	0.048773	2.86	0.13915	2.86	0.23128	2.86	0.087714	2.86	0.26142	2.86	0.05422	2.86	0.046641	2.86	0.12418	2.86	0.15163	2.86	0.098736	2.86	0.23619
2.88	0.083796	2.88	0.11659	2.88	0.15343	2.88	0.18139	2.88	0.1119	2.88	0.15625	2.88	0.15164	2.88	0.31217	2.88	0.079437	2.88	0.13078	2.88	0.081132	2.88	0.13063	2.88	0.087402	2.88	0.10725
2.9	0.15192	2.9	0.065099	2.9	0.12349	2.9	0.12245	2.9	0.26344	2.9	0.077171	2.9	0.148	2.9	0.25435	2.9	0.080644	2.9	0.11349	2.9	0.043425	2.9	0.18017	2.9	0.091844	2.9	0.17443
2.92	0.062331	2.92	0.038583	2.92	0.030394	2.92	0.16653	2.92	0.11605	2.92	0.087515	2.92	0.16707	2.92	0.10103	2.92	0.11123	2.92	0.16574	2.92	0.1077	2.92	0.038392	2.92	0.14177	2.92	0.052907
2.94	0.21307	2.94	0.043447	2.94	0.11228	2.94	0.073633	2.94	0.16793	2.94	0.076776	2.94	0.19244	2.94	0.061	2.94	0.087289	2.94	0.074379	2.94	0.039198	2.94	0.033047	2.94	0.11564	2.94	0.12316
2.96	0.14503	2.96	0.086504	2.96	0.048454	2.96	0.14873	2.96	0.067124	2.96	0.16603	2.96	0.083401	2.96	0.080741	2.96	0.086046	2.96	0.015435	2.96	0.12896	2.96	0.047465	2.96	0.078657	2.96	0.1189
2.98	0.091775	2.98	0.12913	2.98	0.091029	2.98	0.20355	2.98	0.18122	2.98	0.12919	2.98	0.19574	2.98	0.08716	2.98	0.022663	2.98	0.034434	2.98	0.072937	2.98	0.046337	2.98	0.13614	2.98	0.051864
3	0.15221	3	0.038566	3	0.19297	3	0.10631	3	0.2285	3	0.20817	3	0.11461	3	0.12461	3	0.18967	3	0.12668	3	0.13133	3	0.10589	3	0.17892	3	0.10111
3.02	0.087312	3.02	0.073776	3.02	0.16573	3.02	0.11326	3.02	0.20548	3.02	0.099027	3.02	0.15231	3.02	0.21639	3.02	0.047568	3.02	0.032774	3.02	0.10266	3.02	0.20173	3.02	0.16371	3.02	0.14971
3.04	0.030925	3.04	0.13031	3.04	0.1135	3.04	0.077428	3.04	0.23262	3.04	0.10774	3.04	0.18971	3.04	0.11389	3.04	0.036901	3.04	0.11631	3.04	0.016668	3.04	0.067264	3.04	0.11996	3.04	0.072448
3.06	0.18204	3.06	0.085399	3.06	0.06739	3.06	0.16862	3.06	0.12745	3.06	0.31592	3.06	0.076437	3.06	0.16786	3.06	0.05973	3.06	0.097102	3.06	0.093399	3.06	0.10786	3.06	0.077732	3.06	0.14641
3.08	0.10397	3.08	0.1006	3.08	0.054552	3.08	0.070702	3.08	0.042643	3.08	0.071269	3.08	0.083665	3.08	0.071873	3.08	0.043667	3.08	0.035556	3.08	0.068686	3.08	0.155	3.08	0.010388	3.08	0.047169
3.1	0.096649	3.1	0.047181	3.1	0.051547	3.1	0.089359	3.1	0.15963	3.1	0.085799	3.1	0.043462	3.1	0.11427	3.1	0.056901	3.1	0.062395	3.1	0.018987	3.1	0.055191	3.1	0.12023	3.1	0.099471
3.12	0.22729	3.12	0.080725	3.12	0.090319	3.12	0.058882	3.12	0.091831	3.12	0.043532	3.12	0.10554	3.12	0.089783	3.12	0.11122	3.12	0.10802	3.12	0.097218	3.12	0.059797	3.12	0.12855	3.12	0.17471
3.14	0.062822	3.14	0.09086	3.14	0.061987	3.14	0.10766	3.14	0.04885	3.14	0.11079	3.14	0.11908	3.14	0.14562	3.14	0.066695	3.14	0.021244	3.14	0.021025	3.14	0.10307	3.14	0.085958	3.14	0.10205
3.16	0.065225	3.16	0.10868	3.16	0.10176	3.16	0.097545	3.16	0.1158	3.16	0.082589	3.16	0.11765	3.16	0.11765	3.16	0.10858	3.16	0.054878	3.16	0.089627	3.16	0.2416	3.16	0.16912	3.16	0.2265
3.18	0.084464	3.18	0.059114	3.18	0.073007	3.18	0.068373	3.18	0.077945	3.18	0.14541	3.18	0.098494	3.18	0.17897	3.18	0.042298	3.18	0.047138	3.18	0.059754	3.18	0.051193	3.18	0.17833	3.18	0.060493
3.2	0.045752	3.2	0.036457	3.2	0.032643	3.2	0.15203	3.2	0.10819	3.2	0.13515	3.2	0.098853	3.2	0.092375	3.2	0.061517	3.2	0.12836	3.2	0.040619	3.2	0.15159	3.2	0.049644	3.2	0.067345
3.22	0.081001	3.22	0.059187	3.22	0.11692	3.22	0.082118	3.22	0.12098	3.22	0.076524	3.22	0.096997	3.22	0.089303	3.22	0.056762	3.22	0.090272	3.22	0.095282	3.22	0.058709	3.22	0.086259	3.22	0.05885
3.24	0.16328	3.24	0.090044	3.24	0.1482	3.24	0.0808	3.24	0.1381	3.24	0.095183	3.24	0.098241	3.24	0.098895	3.24	0.041592	3.24	0.16939	3.24	0.046172	3.24	0.10148	3.24	0.099412	3.24	0.13558
3.26	0.14552	3.26	0.04598	3.26	0.15035	3.26	0.071146	3.26	0.18147	3.26	0.1375	3.26	0.095429	3.26	0.032905	3.26	0.032017	3.26	0.11051	3.26	0.076567	3.26	0.096093	3.26	0.044865	3.26	0.093375
3.28	0.074469	3.28	0.084126	3.28	0.028904	3.28	0.037107	3.28	0.024172	3.28	0.11757	3.28	0.05049	3.28	0.11335	3.28	0.095903	3.28	0.07949	3.28	0.029865	3.28	0.070286	3.28	0.029585	3.28	0.025749
3.3	0.12064	3.3	0.074491	3.3	0.080262	3.3	0.13937	3.3	0.15406	3.3	0.068928	3.3	0.093416	3.3	0.069201	3.3	0.07276	3.3	0.038324	3.3	0.14172	3.3	0.061662	3.3	0.027203	3.3	0.076751
3.32	0.060704	3.32	0.08307	3.32	0.010941	3.32	0.046381	3.32	0.23067	3.32	0.038704	3.32	0.21441	3.32	0.15476	3.32	0.037586	3.32	0.034709	3.32	0.040038	3.32	0.056424	3.32	0.11789	3.32	0.024544
3.34	0.053936	3.34	0.048208	3.34	0.11204	3.34	0.038998	3.34	0.16126	3.34	0.10921	3.34	0.090626	3.34	0.091903	3.34	0.067555	3.34	0.20813	3.34	0.053769	3.34	0.082791	3.34	0.18147	3.34	0.0993
3.36	0.14213	3.36	0.037515	3.36	0.058827	3.36	0.1277	3.36	0.22889	3.36	0.041486	3.36	0.11722	3.36	0.023209	3.36	0.019907	3.36	0.058697	3.36	0.083565	3.36	0.078791	3.36	0.098977	3.36	0.074662
3.38	0.11436	3.38	0.066942	3.38	0.15681	3.38	0.14722	3.38	0.17855	3.38	0.10204	3.38	0.18326	3.38	0.092506	3.38	0.11167	3.38	0.078498	3.38	0.14729	3.38	0.067819	3.38	0.046641	3.38	0.063175
3.4	0.13331	3.4	0.098329	3.4	0.07745	3.4	0.09522	3.4	0.28823	3.4	0.073932	3.4	0.090558	3.4	0.25587	3.4	0.026057	3.4	0.050364	3.4	0.053155	3.4	0.10673	3.4	0.10697	3.4	0.054654
3.42	0.072256	3.42	0.046567	3.42	0.12359	3.42	0.076898	3.42	0.11855	3.42	0.1407	3.42	0.19861	3.42	0.10497	3.42	0.048477	3.42	0.055105	3.42	0.068705	3.42	0.022096	3.42	0.10161	3.42	0.080972
3.44	0.07105	3.44	0.031616	3.44	0.11238	3.44	0.054543	3.44	0.11794	3.44	0.10443	3.44	0.063144	3.44	0.04058	3.44	0.1141	3.44	0.068186	3.44	0.084216	3.44	0.043321	3.44	0.037611	3.44	0.071503
3.46	0.18772	3.46	0.090598	3.46	0.092621	3.46	0.086432	3.46	0.12625	3.46	0.1023	3.46	0.11568	3.46	0.14278	3.46	0.044491	3.46	0.069469	3.46	0.050164	3.46	0.053638	3.46	0.046738	3.46	0.03594
3.48	0.063317	3.48	0.047937	3.48	0.018807	3.48	0.10838	3.48	0.19166	3.48	0.044274	3.48	0.08652	3.48	0.1257	3.48	0.065777	3.48	0.014258	3.48	0.055525	3.48	0.072842	3.48	0.097985	3.48	0.045739
3.5	0.029059	3.5	0.043951	3.5	0.017679	3.5	0.046298	3.5	0.055839	3.5	0.15436	3.5	0.056177	3.5	0.10783	3.5	0.015005	3.5	0.016163	3.5	0.028963	3.5	0.13759	3.5	0.13175	3.5	0.11258
3.52	0.027863	3.52	0.064234	3.52	0.029435	3.52	0.040089	3.52	0.24577	3.52	0.033684	3.52	0.12102	3.52	0.091532	3.52	0.02325	3.52	0.070307	3.52	0.054939	3.52	0.031935	3.52	0.048406	3.52	0.042016
3.54	0.15489	3.54	0.089149	3.54	0.1488	3.54	0.076989	3.54	0.10897	3.54	0.2066	3.54	0.1147	3.54	0.13388	3.54	0.063409	3.54	0.077159	3.54	0.059025	3.54	0.13609	3.54	0.079478	3.54	0.056204
3.56	0.067607	3.56	0.062307	3.56	0.066914	3.56	0.16836	3.56	0.13784	3.56	0.11697	3.56	0.081644	3.56	0.072469	3.56	0.045759	3.56	0.037419	3.56	0.055918	3.56	0.075888	3.56	0.23047	3.56	0.11591
3.58	0.1183	3.58	0.066889	3.58	0.14101	3.58	0.15508	3.58	0.26777	3.58	0.049067	3.58	0.11009	3.58	0.0831	3.58	0.048036	3.58	0.014414	3.58	0.070731	3.58	0.093947	3.58	0.15398	3.58	0.084665
3.6	0.093847	3.6	0.025356	3.6	0.062971	3.6	0.1238	3.6	0.23092	3.6	0.062808	3.6	0.097273	3.6	0.18344	3.6	0.039505	3.6	0.10302	3.6	0.068539	3.6	0.15968	3.6	0.09065	3.6	0.064037
3.62	0.16115	3.62	0.081795	3.62	0.089605	3.62	0.047569	3.62	0.099433	3.62	0.10316	3.62	0.03369	3.62	0.059573	3.62	0.03941	3.62	0.027262	3.62	0.031829	3.62	0.078578	3.62	0.08261	3.62	0.098706
3.64	0.053367	3.64	0.053573	3.64	0.1111	3.64	0.051297	3.64	0.10917	3.64	0.078915	3.64	0.30476	3.64	0.15382	3.64	0.031037	3.64	0.15378	3.64	0.07542	3.64	0.039603	3.64	0.16094	3.64	0.028384
3.66	0.086443	3.66	0.092456	3.66	0.042203	3.66	0.1044	3.66	0.093821	3.66	0.11836	3.66	0.061766	3.66	0.17111	3.66	0.039841	3.66	0.026902	3.66	0.064351	3.66	0.033459	3.66	0.080031	3.66	0.030158
3.68	0.060702	3.68	0.095246	3.68	0.018251	3.68	0.11959	3.68	0.092937	3.68	0.032616	3.68	0.056362	3.68	0.1996	3.68	0.057324	3.68	0.12878	3.68	0.080847	3.68	0.062397	3.68	0.042685	3.68	0.13866
3.7	0.068694	3.7	0.042576	3.7	0.1024	3.7	0.097293	3.7	0.064415	3.7	0.098999	3.7	0.064616	3.7	0.12269	3.7	0.075647	3.7	0.047397	3.7	0.03551	3.7	0.14598	3.7	0.04093	3.7	0.044552
3.72	0.088444	3.72	0.020752	3.72	0.023793	3.72	0.084713	3.72	0.095297	3.72	0.10614	3.72	0.071995	3.72	0.12139	3.72	0.04328	3.72	0.036523	3.72	0.013872	3.72	0.039039	3.72	0.054239	3.72	0.10647
3.74	0.16509	3.74	0.036421	3.74	0.084767	3.74	0.073912	3.74	0.14465	3.74	0.064037	3.74	0.045261	3.74	0.11667	3.74	0.020334	3.74	0.050847	3.74	0.058599	3.74	0.061146	3.74	0.065823	3.74	0.072913
3.76	0.0546	3.76	0.088433	3.76	0.11084	3.76	0.070735	3.76	0.0512	3.76	0.043363	3.76	0.093702	3.76	0.21504	3.76	0.034479	3.76	0.023134	3.76	0.029997	3.76	0.13437	3.76	0.068277	3.76	0.083234
3.78	0.089144	3.78	0.1164	3.78	0.020696	3.78	0.091489	3.78	0.085597	3.78	0.10513	3.78	0.11586	3.78	0.16291	3.78	0.029734	3.78	0.040215	3.78	0.088443	3.78	0.12342	3.78	0.095332	3.78	0.11154
3.8	0.067495	3.8	0.017916	3.8	0.048286	3.8	0.11149	3.8	0.040393	3.8	0.064912	3.8	0.056498	3.8	0.09237	3.8	0.017653	3.8	0.049288	3.8	0.030079	3.8	0.091631	3.8	0.052315	3.8	0.029905
3.82	0.14692	3.82	0.064618	3.82	0.034686	3.82	0.11053	3.82	0.076033	3.82	0.042871	3.82	0.10696	3.82	0.13977	3.82	0.041893	3.82	0.098946	3.82	0.018455	3.82	0.078116	3.82	0.031812	3.82	0.055669
3.84	0.1716	3.84	0.087565	3.84	0.036887	3.84	0.052408	3.84	0.15479	3.84	0.07898	3.84	0.12169	3.84	0.16594	3.84	0.031264	3.84	0.018294	3.84	0.073344	3.84	0.032325	3.84	0.045051	3.84	0.082027
3.86	0.06154	3.86	0.064152	3.86	0.080699	3.86	0.11351	3.86	0.053836	3.86	0.02323	3.86	0.10263	3.86	0.11037	3.86	0.059423	3.86	0.037672	3.86	0.032568	3.86	0.062898	3.86	0.014646	3.86	0.063593
3.88	0.019893	3.88	0.06252	3.88	0.01861	3.88	0.11208	3.88	0.042589	3.88	0.13117	3.88	0.045464	3.88	0.15599	3.88	0.05099	3.88	0.066187	3.88	0.032258	3.88	0.10024	3.88	0.06349	3.88	0.02189
3.9	0.077339	3.9	0.0095706	3.9	0.065433	3.9	0.061008	3.9	0.064985	3.9	0.015378	3.9	0.04713	3.9	0.071653	3.9	0.016553	3.9	0.066707	3.9	0.054323	3.9	0.035176	3.9	0.053372	3.9	0.087745
3.92	0.14147	3.92	0.034646	3.92	0.060815	3.92	0.041964	3.92	0.096395	3.92	0.038239	3.92	0.07194	3.92	0.025493	3.92	0.040278	3.92	0.074506	3.92	0.063451	3.92	0.089203	3.92	0.15683	3.92	0.097088
3.94	0.043324	3.94	0.089207	3.94	0.11425	3.94	0.029393	3.94	0.1478	3.94	0.10279	3.94	0.14149	3.94	0.10261	3.94	0.053492	3.94	0.058072	3.94	0.045843	3.94	0.07523	3.94	0.027762	3.94	0.093341
3.96	0.077406	3.96	0.071863	3.96	0.055835	3.96	0.080796	3.96	0.053583	3.96	0.042663	3.96	0.11251	3.96	0.21059	3.96	0.06032	3.96	0.054119	3.96	0.061115	3.96	0.082881	3.96	0.072473	3.96	0.17119
3.98	0.070741	3.98	0.044251	3.98	0.097237	3.98	0.080759	3.98	0.054117	3.98	0.034862	3.98	0.047246	3.98	0.19459	3.98	0.01806	3.98	0.12934	3.98	0.060385	3.98	0.044639	3.98	0.057747	3.98	0.053635
4	0.15365	4	0.038956	4	0.070819	4	0.045704	4	0.060368	4	0.026144	4	0.087722	4	0.083983	4	0.036864	4	0.093157	4	0.040494	4	0.026191	4	0.058595	4	0.069325
4.02	0.073935	4.02	0.016073	4.02	0.032448	4.02	0.15765	4.02	0.18373	4.02	0.091467	4.02	0.058643	4.02	0.039121	4.02	0.025251	4.02	0.11108	4.02	0.040644	4.02	0.028953	4.02	0.018733	4.02	0.048594
4.04	0.039557	4.04	0.076218	4.04	0.038349	4.04	0.085892	4.04	0.16392	4.04	0.05693	4.04	0.12228	4.04	0.057244	4.04	0.041066	4.04	0.057695	4.04	0.06523	4.04	0.033987	4.04	0.046387	4.04	0.049491
4.06	0.12764	4.06	0.046989	4.06	0.098789	4.06	0.24475	4.06	0.2275	4.06	0.13683	4.06	0.14665	4.06	0.11084	4.06	0.1302	4.06	0.10125	4.06	0.031032	4.06	0.029147	4.06	0.07013	4.06	0.046923
4.08	0.054065	4.08	0.042204	4.08	0.10978	4.08	0.11903	4.08	0.058728	4.08	0.101	4.08	0.035857	4.08	0.1343	4.08	0.052842	4.08	0.053044	4.08	0.030623	4.08	0.082649	4.08	0.049144	4.08	0.039084
4.1	0.11099	4.1	0.019605	4.1	0.05354	4.1	0.032327	4.1	0.036499	4.1	0.076899	4.1	0.027471	4.1	0.1878	4.1	0.080221	4.1	0.073385	4.1	0.056838	4.1	0.011614	4.1	0.069219	4.1	0.021299
4.12	0.14577	4.12	0.0066873	4.12	0.094185	4.12	0.1313	4.12	0.14262	4.12	0.070002	4.12	0.08835	4.12	0.062488	4.12	0.027146	4.12	0.08378	4.12	0.053917	4.12	0.076149	4.12	0.036791	4.12	0.093914
4.14	0.11395	4.14	0.060485	4.14	0.039436	4.14	0.095483	4.14	0.038995	4.14	0.021769	4.14	0.050098	4.14	0.062322	4.14	0.10036	4.14	0.055039	4.14	0.049076	4.14	0.066258	4.14	0.088303	4.14	0.024504
4.16	0.07876	4.16	0.09483	4.16	0.069364	4.16	0.1448	4.16	0.27329	4.16	0.059199	4.16	0.15354	4.16	0.091141	4.16	0.045585	4.16	0.044834	4.16	0.019097	4.16	0.038934	4.16	0.15197	4.16	0.095241
4.18	0.055234	4.18	0.054473	4.18	0.034585	4.18	0.084588	4.18	0.052505	4.18	0.15186	4.18	0.091328	4.18	0.13724	4.18	0.022481	4.18	0.033402	4.18	0.040084	4.18	0.033927	4.18	0.011206	4.18	0.078464
4.2	0.035128	4.2	0.040545	4.2	0.033898	4.2	0.060678	4.2	0.090063	4.2	0.043684	4.2	0.080332	4.2	0.15536	4.2	0.056645	4.2	0.023945	4.2	0.068322	4.2	0.062047	4.2	0.022254	4.2	0.036607
4.22	0.025027	4.22	0.041312	4.22	0.12963	4.22	0.10932	4.22	0.064603	4.22	0.098601	4.22	0.014938	4.22	0.071795	4.22	0.044447	4.22	0.036292	4.22	0.064576	4.22	0.078763	4.22	0.084759	4.22	0.11162
4.24	0.051678	4.24	0.021534	4.24	0.062371	4.24	0.099865	4.24	0.04637	4.24	0.053445	4.24	0.043505	4.24	0.18184	4.24	0.098406	4.24	0.07433	4.24	0.019042	4.24	0.14121	4.24	0.14774	4.24	0.02195
4.26	0.087847	4.26	0.052788	4.26	0.10682	4.26	0.083315	4.26	0.07142	4.26	0.082606	4.26	0.014204	4.26	0.1339	4.26	0.051619	4.26	0.04626	4.26	0.046786	4.26	0.036982	4.26	0.019933	4.26	0.046461
4.28	0.16396	4.28	0.076594	4.28	0.036426	4.28	0.01296	4.28	0.046283	4.28	0.073732	4.28	0.034802	4.28	0.049879	4.28	0.061279	4.28	0.074211	4.28	0.018261	4.28	0.040164	4.28	0.10729	4.28	0.065
4.3	0.10985	4.3	0.033477	4.3	0.053776	4.3	0.1028	4.3	0.092255	4.3	0.1254	4.3	0.070377	4.3	0.048058	4.3	0.019384	4.3	0.062017	4.3	0.070166	4.3	0.02837	4.3	0.13224	4.3	0.050379
4.32	0.039965	4.32	0.038614	4.32	0.083406	4.32	0.21145	4.32	0.06536	4.32	0.060529	4.32	0.05204	4.32	0.064933	4.32	0.035145	4.32	0.064368	4.32	0.091492	4.32	0.080953	4.32	0.02347	4.32	0.015723
4.34	0.10961	4.34	0.05239	4.34	0.021945	4.34	0.017155	4.34	0.054638	4.34	0.051573	4.34	0.070582	4.34	0.11752	4.34	0.027162	4.34	0.044203	4.34	0.04595	4.34	0.070276	4.34	0.034854	4.34	0.05886
4.36	0.1	4.36	0.032202	4.36	0.048669	4.36	0.033049	4.36	0.059576	4.36	0.071192	4.36	0.041688	4.36	0.073676	4.36	0.061109	4.36	0.03606	4.36	0.053246	4.36	0.074482	4.36	0.067504	4.36	0.14352
4.38	0.046	4.38	0.078489	4.38	0.015375	4.38	0.07067	4.38	0.14097	4.38	0.037741	4.38	0.042832	4.38	0.17376	4.38	0.013001	4.38	0.049714	4.38	0.066877	4.38	0.036417	4.38	0.076152	4.38	0.060764
4.4	0.074338	4.4	0.044322	4.4	0.050608	4.4	0.03269	4.4	0.11827	4.4	0.078864	4.4	0.056809	4.4	0.037282	4.4	0.031414	4.4	0.027608	4.4	0.06419	4.4	0.051729	4.4	0.035759	4.4	0.10327
4.42	0.065514	4.42	0.029745	4.42	0.04768	4.42	0.047597	4.42	0.11454	4.42	0.032063	4.42	0.065038	4.42	0.15113	4.42	0.060024	4.42	0.047409	4.42	0.033281	4.42	0.058373	4.42	0.054135	4.42	0.0093426
4.44	0.18479	4.44	0.030172	4.44	0.028618	4.44	0.052782	4.44	0.10356	4.44	0.041214	4.44	0.04198	4.44	0.082588	4.44	0.03677	4.44	0.025732	4.44	0.06795	4.44	0.12391	4.44	0.03178	4.44	0.10472
4.46	0.1221	4.46	0.058005	4.46	0.069639	4.46	0.093317	4.46	0.024235	4.46	0.039194	4.46	0.050202	4.46	0.081209	4.46	0.0082295	4.46	0.057525	4.46	0.052206	4.46	0.090822	4.46	0.044542	4.46	0.033728
4.48	0.077184	4.48	0.050363	4.48	0.079264	4.48	0.054369	4.48	0.079349	4.48	0.036489	4.48	0.051997	4.48	0.1135	4.48	0.045033	4.48	0.028239	4.48	0.051502	4.48	0.05921	4.48	0.01502	4.48	0.033866
4.5	0.069302	4.5	0.080831	4.5	0.077172	4.5	0.047895	4.5	0.049655	4.5	0.054041	4.5	0.1336	4.5	0.14123	4.5	0.032275	4.5	0.060255	4.5	0.023518	4.5	0.034745	4.5	0.041588	4.5	0.042804
4.52	0.020306	4.52	0.040368	4.52	0.040121	4.52	0.16525	4.52	0.11732	4.52	0.090028	4.52	0.064508	4.52	0.060819	4.52	0.089111	4.52	0.080895	4.52	0.0102	4.52	0.030965	4.52	0.02792	4.52	0.074151
4.54	0.041079	4.54	0.058321	4.54	0.027098	4.54	0.077826	4.54	0.11941	4.54	0.036721	4.54	0.036357	4.54	0.10137	4.54	0.031315	4.54	0.017506	4.54	0.12981	4.54	0.05404	4.54	0.056491	4.54	0.063312
4.56	0.062437	4.56	0.076179	4.56	0.098973	4.56	0.036039	4.56	0.035262	4.56	0.041252	4.56	0.074784	4.56	0.10622	4.56	0.022613	4.56	0.073855	4.56	0.063028	4.56	0.058764	4.56	0.053034	4.56	0.029911
4.58	0.076768	4.58	0.01433	4.58	0.053114	4.58	0.069609	4.58	0.063986	4.58	0.084321	4.58	0.09211	4.58	0.062781	4.58	0.032252	4.58	0.035263	4.58	0.042001	4.58	0.013021	4.58	0.043488	4.58	0.10275
4.6	0.066085	4.6	0.044079	4.6	0.048339	4.6	0.0080368	4.6	0.093377	4.6	0.057589	4.6	0.090442	4.6	0.18184	4.6	0.022717	4.6	0.055405	4.6	0.064563	4.6	0.031975	4.6	0.039377	4.6	0.023204
4.62	0.032671	4.62	0.078304	4.62	0.075145	4.62	0.074085	4.62	0.11713	4.62	0.036982	4.62	0.062748	4.62	0.10613	4.62	0.045524	4.62	0.039464	4.62	0.074052	4.62	0.12199	4.62	0.030314	4.62	0.051269
4.64	0.018826	4.64	0.019749	4.64	0.072134	4.64	0.11493	4.64	0.076047	4.64	0.045107	4.64	0.092765	4.64	0.13646	4.64	0.077566	4.64	0.029085	4.64	0.015084	4.64	0.015265	4.64	0.087407	4.64	0.041137
4.66	0.15525	4.66	0.050119	4.66	0.044757	4.66	0.069903	4.66	0.098954	4.66	0.023197	4.66	0.037764	4.66	0.10226	4.66	0.048785	4.66	0.031515	4.66	0.036418	4.66	0.05267	4.66	0.014953	4.66	0.0404
4.68	0.080067	4.68	0.038684	4.68	0.07155	4.68	0.081501	4.68	0.048839	4.68	0.046937	4.68	0.026106	4.68	0.014304	4.68	0.058865	4.68	0.035317	4.68	0.022391	4.68	0.035176	4.68	0.026746	4.68	0.056174
4.7	0.10862	4.7	0.02145	4.7	0.10925	4.7	0.081857	4.7	0.076273	4.7	0.024662	4.7	0.081863	4.7	0.01193	4.7	0.065033	4.7	0.058589	4.7	0.06715	4.7	0.062537	4.7	0.033901	4.7	0.090715
4.72	0.056561	4.72	0.053654	4.72	0.044673	4.72	0.085888	4.72	0.047984	4.72	0.030612	4.72	0.050038	4.72	0.043567	4.72	0.019481	4.72	0.087671	4.72	0.0096419	4.72	0.045169	4.72	0.027467	4.72	0.071078
4.74	0.074481	4.74	0.082292	4.74	0.070357	4.74	0.061204	4.74	0.076537	4.74	0.077556	4.74	0.10277	4.74	0.090082	4.74	0.074147	4.74	0.02471	4.74	0.018221	4.74	0.092409	4.74	0.029773	4.74	0.073535
4.76	0.10115	4.76	0.057188	4.76	0.026331	4.76	0.047261	4.76	0.063623	4.76	0.053943	4.76	0.034679	4.76	0.054883	4.76	0.043642	4.76	0.019494	4.76	0.069299	4.76	0.025325	4.76	0.061444	4.76	0.042328
4.78	0.070178	4.78	0.1058	4.78	0.039648	4.78	0.056177	4.78	0.117	4.78	0.062778	4.78	0.044318	4.78	0.13213	4.78	0.044879	4.78	0.020941	4.78	0.048291	4.78	0.036785	4.78	0.018794	4.78	0.047745
4.8	0.039474	4.8	0.018575	4.8	0.050339	4.8	0.18876	4.8	0.12785	4.8	0.03823	4.8	0.053538	4.8	0.11495	4.8	0.074042	4.8	0.024934	4.8	0.079551	4.8	0.046203	4.8	0.033446	4.8	0.02267
4.82	0.045132	4.82	0.028234	4.82	0.079495	4.82	0.10075	4.82	0.067026	4.82	0.07574	4.82	0.10351	4.82	0.056334	4.82	0.022793	4.82	0.051805	4.82	0.018636	4.82	0.048481	4.82	0.043489	4.82	0.033504
4.84	0.056528	4.84	0.019797	4.84	0.029919	4.84	0.051428	4.84	0.019545	4.84	0.0071604	4.84	0.035002	4.84	0.060973	4.84	0.032234	4.84	0.035298	4.84	0.041036	4.84	0.065523	4.84	0.056344	4.84	0.010277
4.86	0.049598	4.86	0.10014	4.86	0.045359	4.86	0.041146	4.86	0.087181	4.86	0.061607	4.86	0.035793	4.86	0.22633	4.86	0.037911	4.86	0.074225	4.86	0.012111	4.86	0.07403	4.86	0.018766	4.86	0.023669
4.88	0.048118	4.88	0.044954	4.88	0.096678	4.88	0.023493	4.88	0.05157	4.88	0.024414	4.88	0.018179	4.88	0.025921	4.88	0.048963	4.88	0.036093	4.88	0.016131	4.88	0.088421	4.88	0.059083	4.88	0.028404
4.9	0.049395	4.9	0.026881	4.9	0.040629	4.9	0.051863	4.9	0.04523	4.9	0.044357	4.9	0.066099	4.9	0.033393	4.9	0.023808	4.9	0.061773	4.9	0.022076	4.9	0.032044	4.9	0.011162	4.9	0.025008
4.92	0.043008	4.92	0.04587	4.92	0.093027	4.92	0.060711	4.92	0.091915	4.92	0.06557	4.92	0.031697	4.92	0.035993	4.92	0.024084	4.92	0.059986	4.92	0.018521	4.92	0.0097834	4.92	0.024269	4.92	0.050524
4.94	0.066588	4.94	0.017844	4.94	0.032955	4.94	0.1266	4.94	0.043281	4.94	0.019232	4.94	0.013785	4.94	0.094756	4.94	0.048845	4.94	0.017408	4.94	0.039627	4.94	0.015828	4.94	0.030991	4.94	0.035672
4.96	0.017352	4.96	0.0096015	4.96	0.054967	4.96	0.015917	4.96	0.050283	4.96	0.019296	4.96	0.093384	4.96	0.11295	4.96	0.031227	4.96	0.058342	4.96	0.049661	4.96	0.008755	4.96	0.035176	4.96	0.017914
4.98	0.14436	4.98	0.058025	4.98	0.07534	4.98	0.078828	4.98	0.048333	4.98	0.045323	4.98	0.058418	4.98	0.028656	4.98	0.021232	4.98	0.037256	4.98	0.033585	4.98	0.027219	4.98	0.088532	4.98	0.0465
5	0.059498	5	0.050923	5	0.032409	5	0.074241	5	0.048724	5	0.041085	5	0.050809	5	0.13513	5	0.0401	5	0.021995	5	0.045236	5	0.035803	5	0.021597	5	0.063267
5.02	0.053785	5.02	0.021177	5.02	0.015339	5.02	0.094473	5.02	0.052094	5.02	0.05656	5.02	0.060008	5.02	0.026667	5.02	0.032764	5.02	0.016576	5.02	0.010416	5.02	0.020239	5.02	0.054578	5.02	0.049927
5.04	0.048153	5.04	0.025712	5.04	0.030282	5.04	0.045425	5.04	0.032203	5.04	0.047945	5.04	0.046268	5.04	0.078472	5.04	0.037471	5.04	0.047202	5.04	0.02078	5.04	0.030197	5.04	0.034886	5.04	0.019789
5.06	0.059576	5.06	0.054958	5.06	0.03777	5.06	0.12515	5.06	0.035579	5.06	0.040067	5.06	0.041203	5.06	0.016245	5.06	0.0026803	5.06	0.032227	5.06	0.036114	5.06	0.036066	5.06	0.024119	5.06	0.079007
5.08	0.058768	5.08	0.015791	5.08	0.018702	5.08	0.042585	5.08	0.063137	5.08	0.012463	5.08	0.050194	5.08	0.035829	5.08	0.025958	5.08	0.029189	5.08	0.02638	5.08	0.019866	5.08	0.054111	5.08	0.032228
5.1	0.036522	5.1	0.067823	5.1	0.042274	5.1	0.051402	5.1	0.028014	5.1	0.019724	5.1	0.043636	5.1	0.042833	5.1	0.016939	5.1	0.044164	5.1	0.059704	5.1	0.057111	5.1	0.083883	5.1	0.014866
5.12	0.095858	5.12	0.04661	5.12	0.054358	5.12	0.027108	5.12	0.042505	5.12	0.021315	5.12	0.03892	5.12	0.068789	5.12	0.014864	5.12	0.026396	5.12	0.0535	5.12	0.044237	5.12	0.064486	5.12	0.03116
5.14	0.025401	5.14	0.050277	5.14	0.10686	5.14	0.022158	5.14	0.059376	5.14	0.042139	5.14	0.049269	5.14	0.061353	5.14	0.034016	5.14	0.058095	5.14	0.040656	5.14	0.03797	5.14	0.053757	5.14	0.02865
5.16	0.051743	5.16	0.06568	5.16	0.055293	5.16	0.011627	5.16	0.12294	5.16	0.052153	5.16	0.069034	5.16	0.034348	5.16	0.01726	5.16	0.010602	5.16	0.017081	5.16	0.042208	5.16	0.016003	5.16	0.059831
5.18	0.041744	5.18	0.033092	5.18	0.04349	5.18	0.041684	5.18	0.0097585	5.18	0.04006	5.18	0.063016	5.18	0.041085	5.18	0.041886	5.18	0.039459	5.18	0.023889	5.18	0.031954	5.18	0.043688	5.18	0.029472
5.2	0.0157	5.2	0.021163	5.2	0.046325	5.2	0.088649	5.2	0.029152	5.2	0.047765	5.2	0.030475	5.2	0.082195	5.2	0.010108	5.2	0.028145	5.2	0.047632	5.2	0.035972	5.2	0.079432	5.2	0.04155
5.22	0.020065	5.22	0.040198	5.22	0.077584	5.22	0.042426	5.22	0.067871	5.22	0.0097298	5.22	0.049846	5.22	0.02626	5.22	0.060052	5.22	0.0097895	5.22	0.035034	5.22	0.019133	5.22	0.020087	5.22	0.028333
5.24	0.035407	5.24	0.035509	5.24	0.049263	5.24	0.037525	5.24	0.014962	5.24	0.011429	5.24	0.035515	5.24	0.080356	5.24	0.054727	5.24	0.043768	5.24	0.046626	5.24	0.033228	5.24	0.028896	5.24	0.026571
5.26	0.035304	5.26	0.10569	5.26	0.034101	5.26	0.066883	5.26	0.037683	5.26	0.012762	5.26	0.079256	5.26	0.049245	5.26	0.033979	5.26	0.031779	5.26	0.029141	5.26	0.053697	5.26	0.043115	5.26	0.026456
5.28	0.06214	5.28	0.020606	5.28	0.023829	5.28	0.035403	5.28	0.061119	5.28	0.037872	5.28	0.016769	5.28	0.056921	5.28	0.028058	5.28	0.024636	5.28	0.067221	5.28	0.031934	5.28	0.044013	5.28	0.024138
5.3	0.038401	5.3	0.14178	5.3	0.017028	5.3	0.067332	5.3	0.036394	5.3	0.046096	5.3	0.028872	5.3	0.09504	5.3	0.012635	5.3	0.0065921	5.3	0.056458	5.3	0.034426	5.3	0.031129	5.3	0.027508
5.32	0.062981	5.32	0.012566	5.32	0.043302	5.32	0.093588	5.32	0.038524	5.32	0.025042	5.32	0.0092779	5.32	0.11355	5.32	0.017805	5.32	0.018508	5.32	0.032365	5.32	0.086128	5.32	0.035222	5.32	0.046676
5.34	0.037719	5.34	0.026405	5.34	0.022129	5.34	0.062913	5.34	0.11059	5.34	0.015271	5.34	0.015191	5.34	0.063996	5.34	0.022596	5.34	0.019942	5.34	0.051905	5.34	0.038763	5.34	0.03819	5.34	0.024498
5.36	0.079526	5.36	0.054305	5.36	0.0084748	5.36	0.040746	5.36	0.089485	5.36	0.066052	5.36	0.072707	5.36	0.033576	5.36	0.0092046	5.36	0.014164	5.36	0.033959	5.36	0.026234	5.36	0.0084543	5.36	0.053163
5.38	0.085477	5.38	0.013365	5.38	0.059511	5.38	0.045109	5.38	0.038164	5.38	0.038297	5.38	0.02955	5.38	0.12684	5.38	0.017868	5.38	0.032431	5.38	0.035079	5.38	0.01969	5.38	0.025762	5.38	0.073753
5.4	0.039032	5.4	0.010992	5.4	0.050386	5.4	0.012786	5.4	0.051991	5.4	0.036726	5.4	0.028442	5.4	0.064884	5.4	0.022948	5.4	0.037459	5.4	0.064005	5.4	0.029721	5.4	0.068481	5.4	0.017787
5.42	0.082771	5.42	0.050997	5.42	0.02378	5.42	0.048232	5.42	0.049047	5.42	0.028255	5.42	0.021274	5.42	0.087463	5.42	0.020559	5.42	0.054102	5.42	0.029778	5.42	0.095279	5.42	0.031624	5.42	0.050275
5.44	0.015932	5.44	0.038837	5.44	0.036575	5.44	0.060712	5.44	0.034761	5.44	0.032037	5.44	0.045258	5.44	0.062712	5.44	0.026483	5.44	0.022854	5.44	0.027449	5.44	0.036046	5.44	0.028227	5.44	0.017805
5.46	0.036331	5.46	0.042841	5.46	0.023212	5.46	0.03048	5.46	0.081787	5.46	0.037643	5.46	0.030292	5.46	0.092524	5.46	0.0092085	5.46	0.042797	5.46	0.028882	5.46	0.023738	5.46	0.04794	5.46	0.037898
5.48	0.068614	5.48	0.05888	5.48	0.033783	5.48	0.042115	5.48	0.051269	5.48	0.04142	5.48	0.044958	5.48	0.044188	5.48	0.03358	5.48	0.033646	5.48	0.049966	5.48	0.035949	5.48	0.033872	5.48	0.05385
5.5	0.099069	5.5	0.09501	5.5	0.04508	5.5	0.018295	5.5	0.089213	5.5	0.010774	5.5	0.03115	5.5	0.092916	5.5	0.031857	5.5	0.024746	5.5	0.033956	5.5	0.040727	5.5	0.04913	5.5	0.048406
5.52	0.15234	5.52	0.055392	5.52	0.0031746	5.52	0.047982	5.52	0.062626	5.52	0.049161	5.52	0.015498	5.52	0.083551	5.52	0.017427	5.52	0.0090534	5.52	0.013813	5.52	0.034773	5.52	0.04839	5.52	0.0081939
5.54	0.02487	5.54	0.045139	5.54	0.013818	5.54	0.088026	5.54	0.019842	5.54	0.026024	5.54	0.048098	5.54	0.040947	5.54	0.0066089	5.54	0.032049	5.54	0.015472	5.54	0.033589	5.54	0.050825	5.54	0.037663
5.56	0.051597	5.56	0.10191	5.56	0.013263	5.56	0.043092	5.56	0.042093	5.56	0.05363	5.56	0.058546	5.56	0.055156	5.56	0.066335	5.56	0.0092405	5.56	0.026581	5.56	0.016603	5.56	0.038433	5.56	0.019284
5.58	0.049268	5.58	0.033938	5.58	0.041838	5.58	0.042841	5.58	0.011919	5.58	0.010403	5.58	0.059381	5.58	0.060225	5.58	0.014683	5.58	0.035991	5.58	0.081421	5.58	0.046443	5.58	0.055614	5.58	0.017036
5.6	0.094031	5.6	0.056129	5.6	0.041019	5.6	0.019739	5.6	0.061313	5.6	0.02474	5.6	0.050205	5.6	0.048032	5.6	0.025255	5.6	0.079703	5.6	0.015843	5.6	0.043558	5.6	0.029597	5.6	0.035889
5.62	0.051796	5.62	0.046287	5.62	0.0088032	5.62	0.018084	5.62	0.063042	5.62	0.032532	5.62	0.040928	5.62	0.019961	5.62	0.031867	5.62	0.028578	5.62	0.041332	5.62	0.011639	5.62	0.030179	5.62	0.034676
5.64	0.031263	5.64	0.030193	5.64	0.023289	5.64	0.038138	5.64	0.027316	5.64	0.018244	5.64	0.052533	5.64	0.045048	5.64	0.038159	5.64	0.026827	5.64	0.022643	5.64	0.0075797	5.64	0.020006	5.64	0.0037602
5.66	0.075024	5.66	0.01995	5.66	0.050653	5.66	0.018703	5.66	0.052839	5.66	0.025646	5.66	0.038084	5.66	0.13856	5.66	0.050813	5.66	0.025618	5.66	0.049459	5.66	0.072455	5.66	0.02005	5.66	0.018192
5.68	0.030786	5.68	0.033401	5.68	0.04534	5.68	0.034541	5.68	0.064686	5.68	0.036759	5.68	0.017741	5.68	0.059809	5.68	0.073343	5.68	0.0069051	5.68	0.0522	5.68	0.021825	5.68	0.026243	5.68	0.0363
5.7	0.019727	5.7	0.047929	5.7	0.029715	5.7	0.03314	5.7	0.075234	5.7	0.032213	5.7	0.034712	5.7	0.091494	5.7	0.022831	5.7	0.034003	5.7	0.034297	5.7	0.014178	5.7	0.033592	5.7	0.055621
5.72	0.027053	5.72	0.069645	5.72	0.038884	5.72	0.037669	5.72	0.082871	5.72	0.027355	5.72	0.073155	5.72	0.054093	5.72	0.023831	5.72	0.025503	5.72	0.018409	5.72	0.051151	5.72	0.017632	5.72	0.048295
5.74	0.093036	5.74	0.01089	5.74	0.049524	5.74	0.033815	5.74	0.014903	5.74	0.0085173	5.74	0.0088495	5.74	0.028994	5.74	0.021414	5.74	0.0044667	5.74	0.022488	5.74	0.015642	5.74	0.038128	5.74	0.024106
5.76	0.024026	5.76	0.061648	5.76	0.024184	5.76	0.032861	5.76	0.042282	5.76	0.0042551	5.76	0.023379	5.76	0.073292	5.76	0.0039406	5.76	0.038492	5.76	0.028582	5.76	0.052942	5.76	0.020843	5.76	0.049146
5.78	0.12259	5.78	0.06128	5.78	0.010638	5.78	0.076437	5.78	0.0089684	5.78	0.026929	5.78	0.054553	5.78	0.044092	5.78	0.012656	5.78	0.017916	5.78	0.0088742	5.78	0.021511	5.78	0.041082	5.78	0.046084
5.8	0.064992	5.8	0.02814	5.8	0.038452	5.8	0.010128	5.8	0.076162	5.8	0.023454	5.8	0.052482	5.8	0.053472	5.8	0.013849	5.8	0.018014	5.8	0.013666	5.8	0.07684	5.8	0.042215	5.8	0.021207
5.82	0.054251	5.82	0.038574	5.82	0.056082	5.82	0.065928	5.82	0.041814	5.82	0.040449	5.82	0.027683	5.82	0.01959	5.82	0.042726	5.82	0.03431	5.82	0.057627	5.82	0.020384	5.82	0.010204	5.82	0.014792
5.84	0.081703	5.84	0.011794	5.84	0.045684	5.84	0.039851	5.84	0.01736	5.84	0.026058	5.84	0.039785	5.84	0.10242	5.84	0.036078	5.84	0.027498	5.84	0.044185	5.84	0.02623	5.84	0.032819	5.84	0.037809
5.86	0.027774	5.86	0.016084	5.86	0.022679	5.86	0.036342	5.86	0.062101	5.86	0.018288	5.86	0.022936	5.86	0.03407	5.86	0.020638	5.86	0.024031	5.86	0.024722	5.86	0.015771	5.86	0.040113	5.86	0.02635
5.88	0.065072	5.88	0.021158	5.88	0.028594	5.88	0.048358	5.88	0.025678	5.88	0.016006	5.88	0.026787	5.88	0.044182	5.88	0.010925	5.88	0.03402	5.88	0.012578	5.88	0.0032108	5.88	0.052175	5.88	0.04115
5.9	0.070815	5.9	0.023179	5.9	0.064761	5.9	0.022868	5.9	0.022889	5.9	0.026982	5.9	0.040398	5.9	0.038406	5.9	0.017108	5.9	0.019565	5.9	0.024245	5.9	0.014521	5.9	0.023699	5.9	0.017614
5.92	0.010596	5.92	0.033552	5.92	0.024805	5.92	0.022443	5.92	0.020256	5.92	0.027205	5.92	0.042612	5.92	0.090998	5.92	0.016467	5.92	0.012601	5.92	0.050093	5.92	0.010629	5.92	0.024747	5.92	0.025556
5.94	0.031162	5.94	0.018762	5.94	0.019304	5.94	0.033338	5.94	0.12941	5.94	0.054895	5.94	0.040906	5.94	0.059734	5.94	0.036602	5.94	0.049196	5.94	0.05081	5.94	0.064525	5.94	0.0074375	5.94	0.028684
5.96	0.080363	5.96	0.042249	5.96	0.01947	5.96	0.018528	5.96	0.062879	5.96	0.025529	5.96	0.027216	5.96	0.044812	5.96	0.016014	5.96	0.0061712	5.96	0.019433	5.96	0.030188	5.96	0.022074	5.96	0.052426
5.98	0.067039	5.98	0.047496	5.98	0.040974	5.98	0.013669	5.98	0.10417	5.98	0.032528	5.98	0.022917	5.98	0.061955	5.98	0.0026856	5.98	0.03701	5.98	0.014981	5.98	0.011934	5.98	0.0093041	5.98	0.025189
6	0.029748	6	0.066164	6	0.044458	6	0.029427	6	0.029517	6	0.039417	6	0.027077	6	0.021923	6	0.032103	6	0.048755	6	0.052388	6	0.0078313	6	0.052529	6	0.017756
6.02	0.026698	6.02	0.020849	6.02	0.022279	6.02	0.065427	6.02	0.05585	6.02	0.017652	6.02	0.021409	6.02	0.056067	6.02	0.010636	6.02	0.015498	6.02	0.022103	6.02	0.023078	6.02	0.028986	6.02	0.020562
6.04	0.041766	6.04	0.0282	6.04	0.012118	6.04	0.030671	6.04	0.05438	6.04	0.027236	6.04	0.016113	6.04	0.024394	6.04	0.047323	6.04	0.010434	6.04	0.008933	6.04	0.034519	6.04	0.010957	6.04	0.027515
6.06	0.033707	6.06	0.019555	6.06	0.035973	6.06	0.018063	6.06	0.034416	6.06	0.0089947	6.06	0.052299	6.06	0.027323	6.06	0.034414	6.06	0.023034	6.06	0.017285	6.06	0.02904	6.06	0.03645	6.06	0.037785
6.08	0.048327	6.08	0.058176	6.08	0.061102	6.08	0.039954	6.08	0.013985	6.08	0.053526	6.08	0.033255	6.08	0.010273	6.08	0.010127	6.08	0.025537	6.08	0.0054902	6.08	0.018526	6.08	0.054489	6.08	0.013153
6.1	0.05831	6.1	0.02622	6.1	0.062766	6.1	0.057036	6.1	0.072917	6.1	0.020456	6.1	0.070634	6.1	0.016164	6.1	0.0069359	6.1	0.0029657	6.1	0.027865	6.1	0.044627	6.1	0.016073	6.1	0.013674
6.12	0.076358	6.12	0.035046	6.12	0.045124	6.12	0.024978	6.12	0.022319	6.12	0.10169	6.12	0.039307	6.12	0.026032	6.12	0.012843	6.12	0.024521	6.12	0.033858	6.12	0.036627	6.12	0.0061591	6.12	0.045963
6.14	0.048936	6.14	0.0071801	6.14	0.034717	6.14	0.046121	6.14	0.04572	6.14	0.017791	6.14	0.013355	6.14	0.073005	6.14	0.025942	6.14	0.028934	6.14	0.022184	6.14	0.033056	6.14	0.0070974	6.14	0.015636
6.16	0.09216	6.16	0.022228	6.16	0.10244	6.16	0.06037	6.16	0.049256	6.16	0.0044015	6.16	0.033089	6.16	0.07403	6.16	0.0092655	6.16	0.014532	6.16	0.021904	6.16	0.036387	6.16	0.015674	6.16	0.057579
6.18	0.047362	6.18	0.033921	6.18	0.037677	6.18	0.061596	6.18	0.035963	6.18	0.012467	6.18	0.052407	6.18	0.050466	6.18	0.016524	6.18	0.010288	6.18	0.01968	6.18	0.0065153	6.18	0.022746	6.18	0.018657
6.2	0.047145	6.2	0.07131	6.2	0.01781	6.2	0.082436	6.2	0.0042957	6.2	0.022031	6.2	0.019668	6.2	0.048898	6.2	0.011687	6.2	0.016576	6.2	0.010688	6.2	0.034392	6.2	0.005361	6.2	0.033648
6.22	0.051323	6.22	0.043738	6.22	0.051548	6.22	0.012707	6.22	0.073747	6.22	0.034994	6.22	0.01729	6.22	0.036475	6.22	0.022297	6.22	0.019099	6.22	0.013537	6.22	0.013488	6.22	0.024425	6.22	0.033433
6.24	0.036062	6.24	0.035797	6.24	0.022501	6.24	0.045185	6.24	0.017624	6.24	0.049965	6.24	0.032134	6.24	0.051079	6.24	0.019416	6.24	0.0070648	6.24	0.006239	6.24	0.009102	6.24	0.017531	6.24	0.007277
6.26	0.022271	6.26	0.038613	6.26	0.021005	6.26	0.014522	6.26	0.056073	6.26	0.042705	6.26	0.034493	6.26	0.024432	6.26	0.023823	6.26	0.0045808	6.26	0.025151	6.26	0.029661	6.26	0.014816	6.26	0.042951
6.28	0.068929	6.28	0.012051	6.28	0.010332	6.28	0.031162	6.28	0.10711	6.28	0.027148	6.28	0.04108	6.28	0.03524	6.28	0.025033	6.28	0.0038663	6.28	0.040209	6.28	0.017292	6.28	0.033714	6.28	0.034957
6.3	0.012409	6.3	0.011874	6.3	0.015116	6.3	0.029504	6.3	0.029459	6.3	0.0097396	6.3	0.017023	6.3	0.044638	6.3	0.0087269	6.3	0.01982	6.3	0.02277	6.3	0.018879	6.3	0.014264	6.3	0.0095476
6.32	0.097392	6.32	0.011585	6.32	0.040656	6.32	0.019905	6.32	0.06176	6.32	0.023313	6.32	0.031291	6.32	0.019289	6.32	0.014468	6.32	0.0021666	6.32	0.0078675	6.32	0.037316	6.32	0.025367	6.32	0.017007
6.34	0.032664	6.34	0.040474	6.34	0.011939	6.34	0.031755	6.34	0.051993	6.34	0.0077609	6.34	0.022096	6.34	0.029463	6.34	0.0043843	6.34	0.018667	6.34	0.019982	6.34	0.0076968	6.34	0.014993	6.34	0.021734
6.36	0.065355	6.36	0.013636	6.36	0.023654	6.36	0.040196	6.36	0.05127	6.36	0.015919	6.36	0.028373	6.36	0.042035	6.36	0.0045831	6.36	0.030529	6.36	0.024023	6.36	0.028005	6.36	0.028095	6.36	0.021985
6.38	0.076707	6.38	0.015398	6.38	0.026592	6.38	0.045157	6.38	0.013429	6.38	0.016095	6.38	0.015274	6.38	0.077624	6.38	0.019643	6.38	0.014222	6.38	0.0094446	6.38	0.017739	6.38	0.0050189	6.38	0.024335
6.4	0.09639	6.4	0.037551	6.4	0.061105	6.4	0.01886	6.4	0.022378	6.4	0.019166	6.4	0.010623	6.4	0.048515	6.4	0.023586	6.4	0.032635	6.4	0.034075	6.4	0.0093382	6.4	0.012087	6.4	0.0077964
6.42	0.055835	6.42	0.016568	6.42	0.013717	6.42	0.030997	6.42	0.014057	6.42	0.036058	6.42	0.028018	6.42	0.038321	6.42	0.010371	6.42	0.019819	6.42	0.036561	6.42	0.02907	6.42	0.016657	6.42	0.017493
6.44	0.049159	6.44	0.019341	6.44	0.018233	6.44	0.020919	6.44	0.041636	6.44	0.018357	6.44	0.030241	6.44	0.011005	6.44	0.023832	6.44	0.023666	6.44	0.011089	6.44	0.017431	6.44	0.018607	6.44	0.0064745
6.46	0.044035	6.46	0.023679	6.46	0.011901	6.46	0.039746	6.46	0.069797	6.46	0.017402	6.46	0.050501	6.46	0.062064	6.46	0.029776	6.46	0.02191	6.46	0.010058	6.46	0.020336	6.46	0.041509	6.46	0.037222
6.48	0.033269	6.48	0.030346	6.48	0.015521	6.48	0.035099	6.48	0.011271	6.48	0.03155	6.48	0.03518	6.48	0.053508	6.48	0.030567	6.48	0.024309	6.48	0.0017339	6.48	0.023155	6.48	0.019801	6.48	0.023448
6.5	0.03571	6.5	0.025726	6.5	0.01044	6.5	0.038793	6.5	0.026678	6.5	0.015316	6.5	0.036468	6.5	0.040592	6.5	0.020718	6.5	0.032572	6.5	0.010898	6.5	0.026931	6.5	0.011704	6.5	0.021683
6.52	0.059628	6.52	0.0075095	6.52	0.0093455	6.52	0.045278	6.52	0.073402	6.52	0.038556	6.52	0.0082357	6.52	0.027414	6.52	0.023089	6.52	0.0065432	6.52	0.032791	6.52	0.032695	6.52	0.017114	6.52	0.013334
6.54	0.041511	6.54	0.027118	6.54	0.0428	6.54	0.03458	6.54	0.020734	6.54	0.014712	6.54	0.014262	6.54	0.017752	6.54	0.031881	6.54	0.028968	6.54	0.026318	6.54	0.013543	6.54	0.022972	6.54	0.02167
6.56	0.054941	6.56	0.014912	6.56	0.010363	6.56	0.022973	6.56	0.03085	6.56	0.010932	6.56	0.052548	6.56	0.036698	6.56	0.015568	6.56	0.0062374	6.56	0.02822	6.56	0.015741	6.56	0.025725	6.56	0.02889
6.58	0.011184	6.58	0.036977	6.58	0.028822	6.58	0.005246	6.58	0.033914	6.58	0.016371	6.58	0.054695	6.58	0.026123	6.58	0.025834	6.58	0.01819	6.58	0.004321	6.58	0.029069	6.58	0.026474	6.58	0.013602
6.6	0.074999	6.6	0.022387	6.6	0.017402	6.6	0.04211	6.6	0.064268	6.6	0.013413	6.6	0.021079	6.6	0.012722	6.6	0.034234	6.6	0.015107	6.6	0.0094019	6.6	0.0059244	6.6	0.010871	6.6	0.0010136
6.62	0.049697	6.62	0.025309	6.62	0.021565	6.62	0.018951	6.62	0.019135	6.62	0.017877	6.62	0.0061647	6.62	0.053604	6.62	0.025804	6.62	0.0089122	6.62	0.011031	6.62	0.04296	6.62	0.017813	6.62	0.02097
6.64	0.035077	6.64	0.024623	6.64	0.012369	6.64	0.01769	6.64	0.036848	6.64	0.0085947	6.64	0.042222	6.64	0.024473	6.64	0.022147	6.64	0.018988	6.64	0.0097771	6.64	0.011777	6.64	0.0090431	6.64	0.034357
6.66	0.070122	6.66	0.05912	6.66	0.08609	6.66	0.074821	6.66	0.026797	6.66	0.0072819	6.66	0.017766	6.66	0.026518	6.66	0.052552	6.66	0.011667	6.66	0.034677	6.66	0.021773	6.66	0.010681	6.66	0.02561
6.68	0.10045	6.68	0.027557	6.68	0.03123	6.68	0.018612	6.68	0.020905	6.68	0.014048	6.68	0.017647	6.68	0.028626	6.68	0.011891	6.68	0.036191	6.68	0.010562	6.68	0.018586	6.68	0.010451	6.68	0.0023107
6.7	0.02878	6.7	0.044275	6.7	0.013486	6.7	0.02332	6.7	0.036719	6.7	0.019952	6.7	0.040792	6.7	0.013252	6.7	0.0091153	6.7	0.016246	6.7	0.027774	6.7	0.021045	6.7	0.0096752	6.7	0.014767
6.72	0.017482	6.72	0.020789	6.72	0.022085	6.72	0.038022	6.72	0.031168	6.72	0.029723	6.72	0.023335	6.72	0.057154	6.72	0.034964	6.72	0.016101	6.72	0.0066785	6.72	0.026864	6.72	0.011144	6.72	0.01719
6.74	0.031379	6.74	0.043697	6.74	0.019994	6.74	0.017868	6.74	0.01113	6.74	0.016824	6.74	0.01629	6.74	0.0031568	6.74	0.011837	6.74	0.034236	6.74	0.011129	6.74	0.047602	6.74	0.01579	6.74	0.010799
6.76	0.040228	6.76	0.04943	6.76	0.0066947	6.76	0.025276	6.76	0.019797	6.76	0.01278	6.76	0.014644	6.76	0.017541	6.76	0.040295	6.76	0.00761	6.76	0.016091	6.76	0.013504	6.76	0.028165	6.76	0.034699
6.78	0.0063164	6.78	0.0096639	6.78	0.032473	6.78	0.027783	6.78	0.017481	6.78	0.016015	6.78	0.011825	6.78	0.0065913	6.78	0.020776	6.78	0.021676	6.78	0.040705	6.78	0.01801	6.78	0.022845	6.78	0.021518
6.8	0.064777	6.8	0.01364	6.8	0.0088287	6.8	0.019885	6.8	0.025481	6.8	0.007637	6.8	0.0086744	6.8	0.014864	6.8	0.031912	6.8	0.012356	6.8	0.015854	6.8	0.0032199	6.8	0.013089	6.8	0.01867
6.82	0.017336	6.82	0.0050131	6.82	0.016007	6.82	0.01782	6.82	0.029478	6.82	0.013951	6.82	0.02182	6.82	0.014485	6.82	0.032805	6.82	0.027267	6.82	0.010229	6.82	0.0098512	6.82	0.020722	6.82	0.013366
6.84	0.024363	6.84	0.023067	6.84	0.011227	6.84	0.026664	6.84	0.031004	6.84	0.0060399	6.84	0.013975	6.84	0.01247	6.84	0.019305	6.84	0.025146	6.84	0.016795	6.84	0.011232	6.84	0.02246	6.84	0.016931
6.86	0.094467	6.86	0.035945	6.86	0.019936	6.86	0.025351	6.86	0.015695	6.86	0.019974	6.86	0.016032	6.86	0.026506	6.86	0.013942	6.86	0.023667	6.86	0.015946	6.86	0.0084441	6.86	0.0085308	6.86	0.025832
6.88	0.04019	6.88	0.067324	6.88	0.011198	6.88	0.034754	6.88	0.013597	6.88	0.012721	6.88	0.0096425	6.88	0.013245	6.88	0.020559	6.88	0.015246	6.88	0.024493	6.88	0.013309	6.88	0.01316	6.88	0.022501
6.9	0.05786	6.9	0.015177	6.9	0.037763	6.9	0.034853	6.9	0.022354	6.9	0.028402	6.9	0.0071921	6.9	0.028369	6.9	0.010609	6.9	0.0052372	6.9	0.019419	6.9	0.011645	6.9	0.011945	6.9	0.012585
6.92	0.075717	6.92	0.010543	6.92	0.043733	6.92	0.012953	6.92	0.041095	6.92	0.0083068	6.92	0.007885	6.92	0.023065	6.92	0.010115	6.92	0.011055	6.92	0.018975	6.92	0.0064143	6.92	0.010271	6.92	0.012827
6.94	0.042266	6.94	0.042469	6.94	0.035194	6.94	0.049016	6.94	0.033254	6.94	0.012751	6.94	0.0042663	6.94	0.035645	6.94	0.016517	6.94	0.012204	6.94	0.021315	6.94	0.0066909	6.94	0.033535	6.94	0.010489
6.96	0.0090435	6.96	0.015989	6.96	0.026761	6.96	0.072145	6.96	0.013779	6.96	0.010256	6.96	0.0063834	6.96	0.028359	6.96	0.0035351	6.96	0.01054	6.96	0.023816	6.96	0.016294	6.96	0.012053	6.96	0.015098
6.98	0.055065	6.98	0.045571	6.98	0.018635	6.98	0.025576	6.98	0.033091	6.98	0.023978	6.98	0.0077821	6.98	0.019357	6.98	0.012569	6.98	0.004234	6.98	0.02088	6.98	0.017401	6.98	0.019325	6.98	0.0098814
7	0.049601	7	0.0076615	7	0.026328	7	0.011414	7	0.026163	7	0.009675	7	0.018623	7	0.043076	7	0.01569	7	0.0020905	7	0.042278	7	0.011765	7	0.02728	7	0.0084142
7.02	0.089495	7.02	0.012137	7.02	0.02756	7.02	0.026926	7.02	0.011401	7.02	0.011892	7.02	0.0066216	7.02	0.013468	7.02	0.0059838	7.02	0.0052583	7.02	0.023751	7.02	0.018153	7.02	0.010195	7.02	0.0032716
7.04	0.016315	7.04	0.010012	7.04	0.010823	7.04	0.025474	7.04	0.014568	7.04	0.0018088	7.04	0.012531	7.04	0.030957	7.04	0.012799	7.04	0.016608	7.04	0.01102	7.04	0.0085129	7.04	0.013128	7.04	0.010978
7.06	0.094407	7.06	0.059398	7.06	0.041579	7.06	0.021508	7.06	0.040421	7.06	0.016906	7.06	0.017163	7.06	0.020592	7.06	0.0033797	7.06	0.024854	7.06	0.0071929	7.06	0.017876	7.06	0.029724	7.06	0.015809
7.08	0.047573	7.08	0.032553	7.08	0.018702	7.08	0.010731	7.08	0.0090912	7.08	0.014073	7.08	0.019866	7.08	0.03089	7.08	0.0090785	7.08	0.0027812	7.08	0.017695	7.08	0.022878	7.08	0.013967	7.08	0.014566
7.1	0.032475	7.1	0.027546	7.1	0.0070823	7.1	0.032041	7.1	0.028633	7.1	0.023289	7.1	0.014657	7.1	0.029011	7.1	0.015251	7.1	0.010492	7.1	0.0054661	7.1	0.0052408	7.1	0.022305	7.1	0.005265
7.12	0.047306	7.12	0.036105	7.12	0.023482	7.12	0.022717	7.12	0.0055328	7.12	0.0050176	7.12	0.035286	7.12	0.023288	7.12	0.014478	7.12	0.0088059	7.12	0.013109	7.12	0.014719	7.12	0.013272	7.12	0.023265
7.14	0.021001	7.14	0.02077	7.14	0.012742	7.14	0.01956	7.14	0.015198	7.14	0.01323	7.14	0.018289	7.14	0.030357	7.14	0.019018	7.14	0.0033904	7.14	0.023923	7.14	0.0087089	7.14	0.023815	7.14	0.0081988
7.16	0.082472	7.16	0.014073	7.16	0.013746	7.16	0.052429	7.16	0.030924	7.16	0.0090378	7.16	0.015635	7.16	0.017451	7.16	0.015349	7.16	0.02141	7.16	0.01227	7.16	0.020038	7.16	0.0069009	7.16	0.018848
7.18	0.074697	7.18	0.016508	7.18	0.014768	7.18	0.050678	7.18	0.01158	7.18	0.010187	7.18	0.019942	7.18	0.020941	7.18	0.007149	7.18	0.01091	7.18	0.0035826	7.18	0.020506	7.18	0.036709	7.18	0.02073
7.2	0.094521	7.2	0.013108	7.2	0.01758	7.2	0.047269	7.2	0.034954	7.2	0.0050786	7.2	0.027297	7.2	0.020237	7.2	0.0062755	7.2	0.0076098	7.2	0.020469	7.2	0.017874	7.2	0.026556	7.2	0.014295
7.22	0.015347	7.22	0.051294	7.22	0.012881	7.22	0.01341	7.22	0.06058	7.22	0.0079365	7.22	0.015084	7.22	0.026556	7.22	0.0037936	7.22	0.0027367	7.22	0.012327	7.22	0.02169	7.22	0.016235	7.22	0.0027829
7.24	0.064562	7.24	0.03562	7.24	0.012792	7.24	0.0096113	7.24	0.056627	7.24	0.002474	7.24	0.026813	7.24	0.019841	7.24	0.017603	7.24	0.017251	7.24	0.011945	7.24	0.01149	7.24	0.018105	7.24	0.010982
7.26	0.081937	7.26	0.017965	7.26	0.020487	7.26	0.010747	7.26	0.041556	7.26	0.0073692	7.26	0.021183	7.26	0.008587	7.26	0.0082222	7.26	0.0087931	7.26	0.020148	7.26	0.008641	7.26	0.0084268	7.26	0.010526
7.28	0.093675	7.28	0.038517	7.28	0.044406	7.28	0.041771	7.28	0.037839	7.28	0.010167	7.28	0.022706	7.28	0.010203	7.28	0.011468	7.28	0.010296	7.28	0.033949	7.28	0.0069558	7.28	0.0084329	7.28	0.0029312
7.3	0.042625	7.3	0.030421	7.3	0.0052237	7.3	0.050059	7.3	0.0066767	7.3	0.0034043	7.3	0.010812	7.3	0.0032731	7.3	0.0034391	7.3	0.0082454	7.3	0.016587	7.3	0.015929	7.3	0.022984	7.3	0.011767
7.32	0.036259	7.32	0.028375	7.32	0.031206	7.32	0.012116	7.32	0.028671	7.32	0.013605	7.32	0.015627	7.32	0.026051	7.32	0.008981	7.32	0.020711	7.32	0.0052419	7.32	0.013045	7.32	0.004176	7.32	0.013371
7.34	0.10627	7.34	0.013276	7.34	0.024272	7.34	0.022328	7.34	0.020687	7.34	0.013905	7.34	0.013778	7.34	0.0080854	7.34	0.010222	7.34	0.011723	7.34	0.01222	7.34	0.01564	7.34	0.0079784	7.34	0.017416
7.36	0.021139	7.36	0.0136	7.36	0.04353	7.36	0.017799	7.36	0.046451	7.36	0.02473	7.36	0.014997	7.36	0.03064	7.36	0.0072429	7.36	0.00208	7.36	0.0084783	7.36	0.0081652	7.36	0.0096914	7.36	0.0085034
7.38	0.0071196	7.38	0.010272	7.38	0.037625	7.38	0.033547	7.38	0.031513	7.38	0.0092234	7.38	0.0039575	7.38	0.0059754	7.38	0.011071	7.38	0.013491	7.38	0.0074884	7.38	0.026697	7.38	0.010772	7.38	0.012853
7.4	0.046071	7.4	0.058644	7.4	0.017821	7.4	0.026265	7.4	0.012244	7.4	0.011322	7.4	0.022838	7.4	0.013646	7.4	0.0093689	7.4	0.0057996	7.4	0.0060164	7.4	0.0026633	7.4	0.0067214	7.4	0.013337
7.42	0.073232	7.42	0.012435	7.42	0.027443	7.42	0.012426	7.42	0.0055825	7.42	0.0027928	7.42	0.011568	7.42	0.027429	7.42	0.0081509	7.42	0.010014	7.42	0.021377	7.42	0.016285	7.42	0.0085817	7.42	0.0048198
7.44	0.023429	7.44	0.018469	7.44	0.014778	7.44	0.027103	7.44	0.017844	7.44	0.0083309	7.44	0.010079	7.44	0.0098281	7.44	0.013176	7.44	0.012344	7.44	0.014643	7.44	0.0066466	7.44	0.0037115	7.44	0.0087968
7.46	0.03173	7.46	0.029602	7.46	0.048714	7.46	0.025622	7.46	0.03151	7.46	0.012565	7.46	0.0041017	7.46	0.022884	7.46	0.023221	7.46	0.014886	7.46	0.0062295	7.46	0.0068821	7.46	0.015918	7.46	0.00074496
7.48	0.038454	7.48	0.019252	7.48	0.020366	7.48	0.012282	7.48	0.036008	7.48	0.012152	7.48	0.023805	7.48	0.010005	7.48	0.0070898	7.48	0.013071	7.48	0.016664	7.48	0.0021705	7.48	0.015455	7.48	0.043253
7.5	0.016817	7.5	0.037914	7.5	0.036344	7.5	0.042626	7.5	0.017222	7.5	0.0073013	7.5	0.0061401	7.5	0.020604	7.5	0.0063979	7.5	0.0098486	7.5	0.0072007	7.5	0.014267	7.5	0.016299	7.5	0.01452
7.52	0.032362	7.52	0.010503	7.52	0.0028197	7.52	0.020244	7.52	0.024558	7.52	0.006015	7.52	0.015707	7.52	0.0034797	7.52	0.0035688	7.52	0.01345	7.52	0.0080994	7.52	0.01617	7.52	0.018982	7.52	0.002639
7.54	0.018518	7.54	0.010368	7.54	0.020604	7.54	0.02674	7.54	0.025738	7.54	0.0078894	7.54	0.01528	7.54	0.019364	7.54	0.01267	7.54	0.0095044	7.54	0.016509	7.54	0.0048015	7.54	0.0028919	7.54	0.0081631
7.56	0.057279	7.56	0.02453	7.56	0.032365	7.56	0.013177	7.56	0.014558	7.56	0.007595	7.56	0.0035267	7.56	0.021957	7.56	0.0051975	7.56	0.0068958	7.56	0.0011454	7.56	0.016626	7.56	0.010656	7.56	0.021608
7.58	0.0062218	7.58	0.0076789	7.58	0.035199	7.58	0.032567	7.58	0.021897	7.58	0.0061372	7.58	0.0045316	7.58	0.034338	7.58	0.0038228	7.58	0.0021827	7.58	0.011531	7.58	0.008761	7.58	0.010188	7.58	0.01113
7.6	0.096993	7.6	0.026307	7.6	0.02042	7.6	0.011401	7.6	0.028281	7.6	0.011993	7.6	0.0077052	7.6	0.021159	7.6	0.0049889	7.6	0.006253	7.6	0.0022932	7.6	0.024088	7.6	0.024183	7.6	0.0052088
7.62	0.042463	7.62	0.023488	7.62	0.022388	7.62	0.028421	7.62	0.018209	7.62	0.016299	7.62	0.013203	7.62	0.022518	7.62	0.018224	7.62	0.01317	7.62	0.009135	7.62	0.0075735	7.62	0.019176	7.62	0.0087741
7.64	0.033824	7.64	0.038269	7.64	0.021931	7.64	0.0033282	7.64	0.035117	7.64	0.02253	7.64	0.010686	7.64	0.031235	7.64	0.014418	7.64	0.0049418	7.64	0.0061431	7.64	0.0094881	7.64	0.013477	7.64	0.012882
7.66	0.0656	7.66	0.011493	7.66	0.023456	7.66	0.020993	7.66	0.018179	7.66	0.019583	7.66	0.0080469	7.66	0.022922	7.66	0.012846	7.66	0.0049961	7.66	0.0090933	7.66	0.0088519	7.66	0.015962	7.66	0.0072243
7.68	0.011589	7.68	0.024005	7.68	0.022142	7.68	0.024349	7.68	0.030204	7.68	0.012974	7.68	0.010999	7.68	0.019474	7.68	0.0041661	7.68	0.014236	7.68	0.0048198	7.68	0.0031578	7.68	0.013192	7.68	0.0075594
7.7	0.026129	7.7	0.025836	7.7	0.013176	7.7	0.013925	7.7	0.033363	7.7	0.0054976	7.7	0.0020286	7.7	0.013373	7.7	0.0026533	7.7	0.0021955	7.7	0.015867	7.7	0.0112	7.7	0.012051	7.7	0.0050769
7.72	0.042799	7.72	0.018619	7.72	0.012309	7.72	0.0063708	7.72	0.020152	7.72	0.0078211	7.72	0.017135	7.72	0.022522	7.72	0.0034393	7.72	0.0084038	7.72	0.014589	7.72	0.0022253	7.72	0.0023466	7.72	0.0055647
7.74	0.04262	7.74	0.0098156	7.74	0.0096265	7.74	0.021891	7.74	0.02661	7.74	0.00232	7.74	0.018045	7.74	0.0082817	7.74	0.0043835	7.74	0.0069505	7.74	0.021088	7.74	0.0036796	7.74	0.0028236	7.74	0.005576
7.76	0.053245	7.76	0.0077222	7.76	0.036863	7.76	0.02235	7.76	0.031304	7.76	0.0063637	7.76	0.0018662	7.76	0.0018096	7.76	0.0070665	7.76	0.0046011	7.76	0.0055396	7.76	0.024139	7.76	0.0075648	7.76	0.0066783
7.78	0.06264	7.78	0.037561	7.78	0.017415	7.78	0.027687	7.78	0.021283	7.78	0.0065541	7.78	0.0075798	7.78	0.014777	7.78	0.0093352	7.78	0.009486	7.78	0.0068522	7.78	0.015885	7.78	0.0053373	7.78	0.010227
7.8	0.065617	7.8	0.0074278	7.8	0.011227	7.8	0.0073193	7.8	0.024549	7.8	0.010705	7.8	0.0074044	7.8	0.011605	7.8	0.012198	7.8	0.0030327	7.8	0.010684	7.8	0.010827	7.8	0.0070176	7.8	0.0056461
7.82	0.042805	7.82	0.016242	7.82	0.016106	7.82	0.018222	7.82	0.019056	7.82	0.0036974	7.82	0.015298	7.82	0.031985	7.82	0.0067167	7.82	0.011464	7.82	0.010711	7.82	0.011644	7.82	0.015676	7.82	0.0031568
7.84	0.056374	7.84	0.019851	7.84	0.0081865	7.84	0.0056947	7.84	0.028886	7.84	0.0055187	7.84	0.010686	7.84	0.0020892	7.84	0.0073977	7.84	0.0022986	7.84	0.00084907	7.84	0.011938	7.84	0.0057943	7.84	0.0073473
7.86	0.043648	7.86	0.028928	7.86	0.0099646	7.86	0.014256	7.86	0.019636	7.86	0.0058951	7.86	0.013872	7.86	0.021391	7.86	0.0072787	7.86	0.0052254	7.86	0.012945	7.86	0.0034773	7.86	0.019973	7.86	0.0073003
7.88	0.050393	7.88	0.024916	7.88	0.010613	7.88	0.020139	7.88	0.012572	7.88	0.011335	7.88	0.0027755	7.88	0.0087275	7.88	0.014002	7.88	0.0046322	7.88	0.022196	7.88	0.012191	7.88	0.008197	7.88	0.0096725
7.9	0.020805	7.9	0.036533	7.9	0.015515	7.9	0.023612	7.9	0.018215	7.9	0.017382	7.9	0.0065552	7.9	0.0097873	7.9	0.015897	7.9	0.0043645	7.9	0.0026686	7.9	0.0073857	7.9	0.0068998	7.9	0.021317
7.92	0.062281	7.92	0.013586	7.92	0.013885	7.92	0.026753	7.92	0.026891	7.92	0.0094919	7.92	0.011256	7.92	0.014235	7.92	0.0063238	7.92	0.0033135	7.92	0.014636	7.92	0.0082117	7.92	0.012305	7.92	0.011891
7.94	0.013309	7.94	0.038456	7.94	0.01128	7.94	0.0087488	7.94	0.019413	7.94	0.015088	7.94	0.021321	7.94	0.012394	7.94	0.0064371	7.94	0.0032075	7.94	0.0097419	7.94	0.011836	7.94	0.018421	7.94	0.0051136
7.96	0.028163	7.96	0.017178	7.96	0.014518	7.96	0.0099105	7.96	0.0066862	7.96	0.0097405	7.96	0.0064237	7.96	0.0044134	7.96	0.0056807	7.96	0.0077628	7.96	0.0077405	7.96	0.00957	7.96	0.0077853	7.96	0.006167
7.98	0.070489	7.98	0.009272	7.98	0.021408	7.98	0.033971	7.98	0.01189	7.98	0.0066781	7.98	0.019785	7.98	0.013005	7.98	0.0039045	7.98	0.0071502	7.98	0.0030466	7.98	0.0071638	7.98	0.0053617	7.98	0.0088449
8	0.061879	8	0.014224	8	0.0043267	8	0.017834	8	0.0078233	8	0.0030756	8	0.014479	8	0.024138	8	0.0074201	8	0.0068295	8	0.010179	8	0.010483	8	0.002453	8	0.0091825
8.02	0.081369	8.02	0.0087793	8.02	0.0034313	8.02	0.028614	8.02	0.013774	8.02	0.0051268	8.02	0.023338	8.02	0.0045995	8.02	0.0045783	8.02	0.002251	8.02	0.0062867	8.02	0.0086928	8.02	0.011645	8.02	0.016181
8.04	0.049453	8.04	0.022258	8.04	0.02293	8.04	0.0099511	8.04	0.0048597	8.04	0.0068287	8.04	0.011963	8.04	0.0033825	8.04	0.010348	8.04	0.003003	8.04	0.008113	8.04	0.017668	8.04	0.016916	8.04	0.0031488
8.06	0.024733	8.06	0.010918	8.06	0.031427	8.06	0.03125	8.06	0.0080038	8.06	0.0065627	8.06	0.010601	8.06	0.016723	8.06	0.0031575	8.06	0.0038556	8.06	0.0015527	8.06	0.01561	8.06	0.0094137	8.06	0.0086716
8.08	0.014723	8.08	0.013425	8.08	0.0075549	8.08	0.030147	8.08	0.011087	8.08	0.0089513	8.08	0.016586	8.08	0.019998	8.08	0.0040691	8.08	0.0076278	8.08	0.007286	8.08	0.0038002	8.08	0.0082618	8.08	0.0050032
8.1	0.056898	8.1	0.0043366	8.1	0.011594	8.1	0.014574	8.1	0.025147	8.1	0.0056805	8.1	0.0060188	8.1	0.0097583	8.1	0.0048871	8.1	0.0067933	8.1	0.0093074	8.1	0.016181	8.1	0.0030462	8.1	0.0076847
8.12	0.038639	8.12	0.012818	8.12	0.0084246	8.12	0.010822	8.12	0.023656	8.12	0.008472	8.12	0.0094969	8.12	0.0080062	8.12	0.0017812	8.12	0.0048385	8.12	0.012333	8.12	0.012948	8.12	0.010633	8.12	0.027093
8.14	0.070044	8.14	0.013506	8.14	0.02769	8.14	0.0048101	8.14	0.036177	8.14	0.0058717	8.14	0.0049819	8.14	0.013414	8.14	0.0061168	8.14	0.0012687	8.14	0.011648	8.14	0.0074122	8.14	0.011583	8.14	0.0053946
8.16	0.050556	8.16	0.015634	8.16	0.0056601	8.16	0.022082	8.16	0.026061	8.16	0.0039331	8.16	0.020843	8.16	0.015227	8.16	0.0045561	8.16	0.0095541	8.16	0.0045064	8.16	0.015207	8.16	0.009777	8.16	0.019927
8.18	0.052941	8.18	0.012824	8.18	0.002976	8.18	0.047089	8.18	0.0071699	8.18	0.0025811	8.18	0.0049868	8.18	0.023767	8.18	0.0075312	8.18	0.0062199	8.18	0.0045151	8.18	0.0043076	8.18	0.0043495	8.18	0.00064038
8.2	0.01436	8.2	0.0048181	8.2	0.0063758	8.2	0.0084341	8.2	0.0046865	8.2	0.0078498	8.2	0.010466	8.2	0.0099728	8.2	0.00362	8.2	0.0020327	8.2	0.0067019	8.2	0.013957	8.2	0.015293	8.2	0.0034776
8.22	0.039972	8.22	0.027686	8.22	0.018844	8.22	0.026365	8.22	0.002392	8.22	0.0038084	8.22	0.012373	8.22	0.016139	8.22	0.0058255	8.22	0.004057	8.22	0.0029144	8.22	0.011138	8.22	0.010326	8.22	0.010096
8.24	0.051472	8.24	0.034012	8.24	0.023366	8.24	0.0064212	8.24	0.0026163	8.24	0.01109	8.24	0.0094409	8.24	0.012851	8.24	0.0070827	8.24	0.0032739	8.24	0.005587	8.24	0.011365	8.24	0.0073044	8.24	0.018057
8.26	0.083788	8.26	0.024244	8.26	0.0091882	8.26	0.028509	8.26	0.005984	8.26	0.0027319	8.26	0.0032266	8.26	0.015947	8.26	0.0025817	8.26	0.00048731	8.26	0.012191	8.26	0.015536	8.26	0.016786	8.26	0.0027736
8.28	0.016414	8.28	0.008941	8.28	0.033813	8.28	0.0079576	8.28	0.0086445	8.28	0.0055476	8.28	0.0096324	8.28	0.021066	8.28	0.0088699	8.28	0.0047497	8.28	0.0026448	8.28	0.006728	8.28	0.0040406	8.28	0.011311
8.3	0.021075	8.3	0.012379	8.3	0.043033	8.3	0.0073199	8.3	0.013939	8.3	0.0049223	8.3	0.0021959	8.3	0.010226	8.3	0.0037513	8.3	0.0026193	8.3	0.0054573	8.3	0.021449	8.3	0.0079875	8.3	0.0079218
8.32	0.012281	8.32	0.010581	8.32	0.019314	8.32	0.026236	8.32	0.025491	8.32	0.0041738	8.32	0.010463	8.32	0.0018224	8.32	0.007288	8.32	0.0049021	8.32	0.0053362	8.32	0.0077598	8.32	0.0027787	8.32	0.0065369
8.34	0.052561	8.34	0.01722	8.34	0.0026164	8.34	0.029176	8.34	0.024496	8.34	0.0058559	8.34	0.0016366	8.34	0.020959	8.34	0.0091939	8.34	0.0068973	8.34	0.0093947	8.34	0.0025732	8.34	0.0030921	8.34	0.0059701
8.36	0.025698	8.36	0.021824	8.36	0.0070352	8.36	0.0073377	8.36	0.027077	8.36	0.0028596	8.36	0.0067261	8.36	0.012002	8.36	0.0068053	8.36	0.0030765	8.36	0.0079638	8.36	0.014609	8.36	0.012219	8.36	0.0059545
8.38	0.056533	8.38	0.016815	8.38	0.016638	8.38	0.01345	8.38	0.012907	8.38	0.0018798	8.38	0.0039038	8.38	0.019153	8.38	0.0059633	8.38	0.0078713	8.38	0.0084065	8.38	0.0072153	8.38	0.0031306	8.38	0.0044259
8.4	0.0081578	8.4	0.031596	8.4	0.011963	8.4	0.034605	8.4	0.030857	8.4	0.0058545	8.4	0.0044701	8.4	0.010529	8.4	0.0076001	8.4	0.0084127	8.4	0.0037209	8.4	0.0039703	8.4	0.0047661	8.4	0.0050553
8.42	0.059051	8.42	0.011819	8.42	0.017953	8.42	0.0092958	8.42	0.010984	8.42	0.0033991	8.42	0.0044698	8.42	0.006555	8.42	0.008128	8.42	0.0073657	8.42	0.0040853	8.42	0.0016807	8.42	0.0027907	8.42	0.0059952
8.44	0.051598	8.44	0.009904	8.44	0.012594	8.44	0.0098955	8.44	0.0073055	8.44	0.0033066	8.44	0.0092631	8.44	0.0098661	8.44	0.0012264	8.44	0.0023242	8.44	0.011165	8.44	0.0056507	8.44	0.0090545	8.44	0.0052353
8.46	0.04467	8.46	0.0087421	8.46	0.006919	8.46	0.011732	8.46	0.028024	8.46	0.0038752	8.46	0.015679	8.46	0.002191	8.46	0.0047089	8.46	0.0041407	8.46	0.0063707	8.46	0.0063103	8.46	0.0031756	8.46	0.006624
8.48	0.024182	8.48	0.010592	8.48	0.0026052	8.48	0.031299	8.48	0.0091164	8.48	0.0031592	8.48	0.003517	8.48	0.0081738	8.48	0.0022939	8.48	0.0071601	8.48	0.0053138	8.48	0.0031037	8.48	0.011781	8.48	0.0027264
8.5	0.029989	8.5	0.017169	8.5	0.010558	8.5	0.011406	8.5	0.0043024	8.5	0.0056614	8.5	0.010965	8.5	0.0082625	8.5	0.00311	8.5	0.00067492	8.5	0.010292	8.5	0.0067102	8.5	0.008409	8.5	0.010088
8.52	0.051167	8.52	0.010913	8.52	0.0027603	8.52	0.017903	8.52	0.0050998	8.52	0.008157	8.52	0.0028612	8.52	0.0183	8.52	0.0092175	8.52	0.0032417	8.52	0.0038658	8.52	0.0056036	8.52	0.0058584	8.52	0.0031455
8.54	0.040137	8.54	0.03075	8.54	0.0094121	8.54	0.0141	8.54	0.0052157	8.54	0.010054	8.54	0.0038348	8.54	0.010849	8.54	0.0028528	8.54	0.0041279	8.54	0.0025909	8.54	0.0066289	8.54	0.012811	8.54	0.0062908
8.56	0.02674	8.56	0.010215	8.56	0.008172	8.56	0.015298	8.56	0.022439	8.56	0.0021847	8.56	0.00058511	8.56	0.0027355	8.56	0.011278	8.56	0.007646	8.56	0.007486	8.56	0.012462	8.56	0.0075044	8.56	0.0059811
8.58	0.046041	8.58	0.0059095	8.58	0.0090005	8.58	0.012905	8.58	0.016616	8.58	0.0011887	8.58	0.0059453	8.58	0.011938	8.58	0.0028721	8.58	0.0039999	8.58	0.01314	8.58	0.007566	8.58	0.0071829	8.58	0.0069843
8.6	0.0097996	8.6	0.013965	8.6	0.018988	8.6	0.040843	8.6	0.0038182	8.6	0.0012977	8.6	0.0045323	8.6	0.0098859	8.6	0.0020933	8.6	0.0039529	8.6	0.004418	8.6	0.0074538	8.6	0.0030034	8.6	0.0037471
8.62	0.020097	8.62	0.020537	8.62	0.0068005	8.62	0.0032671	8.62	0.013807	8.62	0.0049088	8.62	0.015882	8.62	0.007964	8.62	0.0064154	8.62	0.0044363	8.62	0.0052904	8.62	0.0075774	8.62	0.0053762	8.62	0.003527
8.64	0.0095835	8.64	0.018535	8.64	6.4794e-05	8.64	0.0081957	8.64	0.0082321	8.64	0.002084	8.64	0.0073848	8.64	0.0035601	8.64	0.0072827	8.64	0.0075009	8.64	0.0064715	8.64	0.0037391	8.64	0.0056013	8.64	0.00093356
8.66	0.047244	8.66	0.0038048	8.66	0.01713	8.66	0.012732	8.66	0.015347	8.66	0.0042608	8.66	0.0017921	8.66	0.010051	8.66	0.0029384	8.66	0.0023642	8.66	0.0040194	8.66	0.0069614	8.66	0.0049334	8.66	0.0041549
8.68	0.014563	8.68	0.016268	8.68	0.0011404	8.68	0.012375	8.68	0.0058298	8.68	0.00051955	8.68	0.0011332	8.68	0.0091125	8.68	0.0098258	8.68	0.0036863	8.68	0.0031549	8.68	0.0080432	8.68	0.0053451	8.68	0.0083496
8.7	0.033468	8.7	0.011704	8.7	0.010661	8.7	0.0083432	8.7	0.0095675	8.7	0.007797	8.7	0.0038309	8.7	0.0026765	8.7	0.0011954	8.7	0.0012851	8.7	0.0064375	8.7	0.0098843	8.7	0.0063916	8.7	0.0069882
8.72	0.0171	8.72	0.017207	8.72	0.0089527	8.72	0.0091594	8.72	0.0024576	8.72	0.005142	8.72	0.0019991	8.72	0.011544	8.72	0.0040407	8.72	0.0026559	8.72	0.0077197	8.72	0.0031242	8.72	0.0044986	8.72	0.013959
8.74	0.067596	8.74	0.0061163	8.74	0.010837	8.74	0.020411	8.74	0.0030152	8.74	0.0018757	8.74	0.0037593	8.74	0.012958	8.74	0.0037224	8.74	0.0057966	8.74	0.0090291	8.74	0.0053967	8.74	0.012772	8.74	0.0082189
8.76	0.025282	8.76	0.032816	8.76	0.0041446	8.76	0.043944	8.76	0.014473	8.76	0.0044301	8.76	0.0060963	8.76	0.0032786	8.76	0.0027495	8.76	0.0027323	8.76	0.007591	8.76	0.0066183	8.76	0.0041724	8.76	0.0040412
8.78	0.042054	8.78	0.038507	8.78	0.011357	8.78	0.02027	8.78	0.022389	8.78	0.0012126	8.78	0.0071165	8.78	0.0023891	8.78	0.0062345	8.78	0.0052468	8.78	0.011474	8.78	0.0024879	8.78	0.0062067	8.78	0.0043378
8.8	0.076493	8.8	0.0064912	8.8	0.011179	8.8	0.016852	8.8	0.0085559	8.8	0.010541	8.8	0.014747	8.8	0.014017	8.8	0.0048124	8.8	0.0012988	8.8	0.0066349	8.8	0.0034914	8.8	0.010112	8.8	0.016357
8.82	0.043518	8.82	0.022101	8.82	0.011378	8.82	0.010359	8.82	0.012136	8.82	0.00066673	8.82	0.004932	8.82	0.0059558	8.82	0.0075648	8.82	0.0023246	8.82	0.0058439	8.82	0.00406	8.82	0.0043366	8.82	0.0021402
8.84	0.035878	8.84	0.0020502	8.84	0.010066	8.84	0.0066271	8.84	0.011726	8.84	0.0021368	8.84	0.0052934	8.84	0.019976	8.84	0.0040845	8.84	0.0027374	8.84	0.0046689	8.84	0.0034129	8.84	0.0072998	8.84	0.0087263
8.86	0.032353	8.86	0.013631	8.86	0.0083251	8.86	0.025949	8.86	0.0048657	8.86	0.0036273	8.86	0.0069872	8.86	0.0072592	8.86	0.0083608	8.86	0.0051958	8.86	0.0025476	8.86	0.0016165	8.86	0.0053281	8.86	0.004621
8.88	0.023216	8.88	0.01333	8.88	0.010617	8.88	0.019237	8.88	0.017849	8.88	0.005233	8.88	0.01046	8.88	0.007731	8.88	0.0026646	8.88	0.0041141	8.88	0.0028816	8.88	0.0044488	8.88	0.013703	8.88	0.0036828
8.9	0.073955	8.9	0.0089507	8.9	0.0083963	8.9	0.048347	8.9	0.0054159	8.9	0.0019525	8.9	0.0014507	8.9	0.0092326	8.9	0.0019485	8.9	0.0018372	8.9	0.0065303	8.9	0.0033073	8.9	0.0014046	8.9	0.0049766
8.92	0.044608	8.92	0.017038	8.92	0.010695	8.92	0.0070674	8.92	0.033911	8.92	0.0038154	8.92	0.00082968	8.92	0.0046773	8.92	0.0031325	8.92	0.0026639	8.92	0.004307	8.92	0.0039263	8.92	0.0077693	8.92	0.0061235
8.94	0.041377	8.94	0.025424	8.94	0.0097091	8.94	0.0028686	8.94	0.019184	8.94	0.0019126	8.94	0.0018495	8.94	0.0077882	8.94	0.0030293	8.94	0.0021135	8.94	0.001628	8.94	0.0043043	8.94	0.0062205	8.94	0.0052249
8.96	0.058521	8.96	0.019474	8.96	0.004591	8.96	0.0065952	8.96	0.0053501	8.96	0.0036006	8.96	0.003962	8.96	0.008028	8.96	0.001546	8.96	0.0034219	8.96	0.0041611	8.96	0.0073975	8.96	0.0032685	8.96	0.0025443
8.98	0.032018	8.98	0.011765	8.98	0.0025715	8.98	0.012699	8.98	0.0046631	8.98	0.0016873	8.98	0.0043951	8.98	0.0089324	8.98	0.0030031	8.98	0.0038102	8.98	0.0015357	8.98	0.0026171	8.98	0.0046282	8.98	0.0065645
9	0.036424	9	0.013669	9	0.019615	9	0.016546	9	0.0051754	9	0.00061688	9	0.0021123	9	0.0075511	9	0.0020406	9	0.0015763	9	0.0042515	9	0.0051799	9	0.0051853	9	0.0042276
9.02	0.038122	9.02	0.010826	9.02	0.0080837	9.02	0.014064	9.02	0.017087	9.02	0.0012471	9.02	0.008707	9.02	0.0028016	9.02	0.0053304	9.02	0.0018065	9.02	0.0053606	9.02	0.0038735	9.02	0.003195	9.02	0.0020399
9.04	0.017326	9.04	0.021845	9.04	0.0059545	9.04	0.016656	9.04	0.0037134	9.04	0.004733	9.04	0.0037676	9.04	0.0078789	9.04	0.0036685	9.04	0.0029082	9.04	0.0019868	9.04	0.0024982	9.04	0.004043	9.04	0.0063664
9.06	0.023311	9.06	0.010277	9.06	0.012802	9.06	0.011624	9.06	0.0041094	9.06	0.008117	9.06	0.0076428	9.06	0.0047278	9.06	0.0044904	9.06	0.00097685	9.06	0.0044499	9.06	0.0070622	9.06	0.0056929	9.06	0.0033525
9.08	0.066631	9.08	0.0096051	9.08	0.018651	9.08	0.047343	9.08	0.0092536	9.08	0.0011113	9.08	0.0036893	9.08	0.0097669	9.08	0.004068	9.08	0.0010995	9.08	0.0029868	9.08	0.0034126	9.08	0.009067	9.08	0.0023616
9.1	0.072241	9.1	0.0069906	9.1	0.030468	9.1	0.017336	9.1	0.015107	9.1	0.0021049	9.1	0.0036826	9.1	0.0050402	9.1	0.0084924	9.1	0.0027539	9.1	0.0030176	9.1	0.0029788	9.1	0.0012068	9.1	0.0067633
9.12	0.022351	9.12	0.01718	9.12	0.010878	9.12	0.013909	9.12	0.0034163	9.12	0.0021032	9.12	0.0056078	9.12	0.013434	9.12	0.00068146	9.12	0.0017644	9.12	0.0030171	9.12	0.0024496	9.12	0.0048391	9.12	0.0015558
9.14	0.040463	9.14	0.020675	9.14	0.01455	9.14	0.0096298	9.14	0.0074546	9.14	0.00064396	9.14	0.0063845	9.14	0.016325	9.14	0.0048707	9.14	0.0032102	9.14	0.0047618	9.14	0.00743	9.14	0.0026651	9.14	0.0096356
9.16	0.024368	9.16	0.013427	9.16	0.00066778	9.16	0.014549	9.16	0.020674	9.16	0.0066642	9.16	0.0070053	9.16	0.0021453	9.16	0.0052931	9.16	0.0039105	9.16	0.0037006	9.16	0.0033419	9.16	0.0056251	9.16	0.0059542
9.18	0.027348	9.18	0.010491	9.18	0.0060679	9.18	0.0096748	9.18	0.0087512	9.18	0.0060947	9.18	0.0064783	9.18	0.0021343	9.18	0.0035083	9.18	0.001457	9.18	0.01087	9.18	0.0049479	9.18	0.0047171	9.18	0.0040793
9.2	0.021135	9.2	0.0231	9.2	0.0025447	9.2	0.023016	9.2	0.017386	9.2	0.0047184	9.2	0.0044564	9.2	0.0042975	9.2	0.0012545	9.2	0.0018827	9.2	0.0064471	9.2	0.0044976	9.2	0.0042156	9.2	0.0027346
9.22	0.034727	9.22	0.0063885	9.22	0.010036	9.22	0.02393	9.22	0.015909	9.22	0.0027834	9.22	0.0062487	9.22	0.0034695	9.22	0.0073428	9.22	0.0028486	9.22	0.0015164	9.22	0.015685	9.22	0.0037171	9.22	0.0021668
9.24	0.025228	9.24	0.0083173	9.24	0.014439	9.24	0.011491	9.24	0.008115	9.24	0.0023785	9.24	0.002828	9.24	0.0039556	9.24	0.0026234	9.24	0.0025636	9.24	0.0034626	9.24	0.0018134	9.24	0.0057456	9.24	0.0025847
9.26	0.041175	9.26	0.022887	9.26	0.010509	9.26	0.0094115	9.26	0.0096055	9.26	0.00062583	9.26	0.0052092	9.26	0.013604	9.26	0.003653	9.26	0.0029326	9.26	0.0087722	9.26	0.003203	9.26	0.0017091	9.26	0.004834
9.28	0.030702	9.28	0.0074563	9.28	0.0099333	9.28	0.026008	9.28	0.015754	9.28	0.0023901	9.28	0.00069019	9.28	0.0092585	9.28	0.0012597	9.28	0.0034462	9.28	0.00048581	9.28	0.002319	9.28	0.0022443	9.28	0.0048915
9.3	0.011013	9.3	0.009803	9.3	0.0083727	9.3	0.0081323	9.3	0.0081516	9.3	0.0028234	9.3	0.0052385	9.3	0.015182	9.3	0.0010926	9.3	0.001793	9.3	0.014129	9.3	0.0027835	9.3	0.010359	9.3	0.0018868
9.32	0.053614	9.32	0.01418	9.32	0.010773	9.32	0.010032	9.32	0.014332	9.32	0.00082533	9.32	0.001745	9.32	0.0031415	9.32	0.0053205	9.32	0.0034965	9.32	0.00382	9.32	0.006009	9.32	0.011468	9.32	0.0018222
9.34	0.012472	9.34	0.010974	9.34	0.0091608	9.34	0.018388	9.34	0.0051081	9.34	0.00083071	9.34	0.0036479	9.34	0.0082471	9.34	0.0024621	9.34	0.00056943	9.34	0.0033246	9.34	0.0056678	9.34	0.0051063	9.34	0.0056526
9.36	0.05721	9.36	0.011804	9.36	0.014039	9.36	0.009555	9.36	0.0061999	9.36	0.005513	9.36	0.0015729	9.36	0.0039019	9.36	0.0026776	9.36	0.0022971	9.36	0.0050667	9.36	0.0061186	9.36	0.0022178	9.36	0.0055477
9.38	0.01223	9.38	0.017934	9.38	0.01739	9.38	0.0064941	9.38	0.0035109	9.38	0.0050017	9.38	0.0020842	9.38	0.010805	9.38	0.0030948	9.38	0.0022478	9.38	0.0018142	9.38	0.0036856	9.38	0.003208	9.38	0.0059827
9.4	0.041258	9.4	0.0059381	9.4	0.0063172	9.4	0.011285	9.4	0.016281	9.4	0.0028676	9.4	0.0013981	9.4	0.010253	9.4	0.0056235	9.4	0.0013622	9.4	0.0023304	9.4	0.0039615	9.4	0.0034415	9.4	0.0022281
9.42	0.01364	9.42	0.0080987	9.42	0.0059463	9.42	0.017584	9.42	0.0044681	9.42	0.0013114	9.42	0.0010697	9.42	0.0039191	9.42	0.002609	9.42	0.0035999	9.42	0.0017133	9.42	0.002419	9.42	0.0043848	9.42	0.001667
9.44	0.058257	9.44	0.0083187	9.44	0.0092741	9.44	0.0072863	9.44	0.0050931	9.44	0.0046945	9.44	0.0029106	9.44	0.010452	9.44	0.0026277	9.44	0.0017586	9.44	0.0023301	9.44	0.0032641	9.44	0.0036069	9.44	0.0031917
9.46	0.032037	9.46	0.0052699	9.46	0.0097115	9.46	0.014318	9.46	0.011445	9.46	0.00089482	9.46	0.0036635	9.46	0.0024641	9.46	0.0017848	9.46	0.00076896	9.46	0.0023995	9.46	0.0056833	9.46	0.003292	9.46	0.0060847
9.48	0.059801	9.48	0.0054269	9.48	0.019015	9.48	0.030651	9.48	0.0071285	9.48	0.0021192	9.48	0.0011274	9.48	0.0054786	9.48	0.0019033	9.48	0.00097674	9.48	0.0035437	9.48	0.0024364	9.48	0.0039123	9.48	0.0043624
9.5	0.040357	9.5	0.012666	9.5	0.0024699	9.5	0.024645	9.5	0.0043812	9.5	0.0019602	9.5	0.0028606	9.5	0.0069988	9.5	0.0069387	9.5	0.0036784	9.5	0.0059679	9.5	0.0024951	9.5	0.002415	9.5	0.002505
9.52	0.0038218	9.52	0.016292	9.52	0.0037459	9.52	0.0027475	9.52	0.0074235	9.52	0.0020371	9.52	0.0056188	9.52	0.013879	9.52	0.00083639	9.52	0.0020471	9.52	0.0017729	9.52	0.0022202	9.52	0.0046801	9.52	0.0040151
9.54	0.12325	9.54	0.01007	9.54	0.010918	9.54	0.0050323	9.54	0.0038143	9.54	0.0012963	9.54	0.0036765	9.54	0.0049456	9.54	0.0010803	9.54	0.0019393	9.54	0.001818	9.54	0.0033927	9.54	0.0056651	9.54	0.0026351
9.56	0.047266	9.56	0.0074996	9.56	0.0041687	9.56	0.0094702	9.56	0.00234	9.56	0.0048146	9.56	0.002117	9.56	0.0026018	9.56	0.001903	9.56	0.0016863	9.56	0.002013	9.56	0.00048239	9.56	0.0041999	9.56	0.0049631
9.58	0.047101	9.58	0.011609	9.58	0.0042742	9.58	0.005518	9.58	0.019371	9.58	0.0005907	9.58	0.0021069	9.58	0.0059256	9.58	0.0024104	9.58	0.00071511	9.58	0.0052581	9.58	0.0072393	9.58	0.0020829	9.58	0.0028857
9.6	0.025357	9.6	0.026951	9.6	0.018283	9.6	0.0053762	9.6	0.0097416	9.6	0.0021437	9.6	0.0026731	9.6	0.0037399	9.6	0.0043459	9.6	0.0026638	9.6	0.0037349	9.6	0.0064193	9.6	0.0022672	9.6	0.0044927
9.62	0.04356	9.62	0.0031693	9.62	0.0018	9.62	0.020685	9.62	0.0043987	9.62	0.0043934	9.62	0.0011692	9.62	0.0092365	9.62	0.0024784	9.62	0.0020939	9.62	0.0017533	9.62	0.0043508	9.62	0.00080494	9.62	0.0045171
9.64	0.067516	9.64	0.020525	9.64	0.0029994	9.64	0.0062937	9.64	0.0091432	9.64	0.0023249	9.64	0.0014881	9.64	0.0055831	9.64	0.0023204	9.64	0.0018593	9.64	0.0023151	9.64	0.0036409	9.64	0.0021062	9.64	0.0020226
9.66	0.038804	9.66	0.017102	9.66	0.0075637	9.66	0.010467	9.66	0.015384	9.66	0.00083359	9.66	0.0043829	9.66	0.0066604	9.66	0.00056734	9.66	0.0035539	9.66	0.0054504	9.66	0.0018881	9.66	0.0025556	9.66	0.0024696
9.68	0.034624	9.68	0.0039426	9.68	0.023261	9.68	0.0035495	9.68	0.0078959	9.68	0.002282	9.68	0.0016687	9.68	0.0041508	9.68	0.0013608	9.68	0.00019603	9.68	0.0022419	9.68	0.0030208	9.68	0.0050975	9.68	0.0032847
9.7	0.032803	9.7	0.016949	9.7	0.0051973	9.7	0.0046484	9.7	0.011517	9.7	0.00092315	9.7	0.012505	9.7	0.0029328	9.7	0.0042611	9.7	0.00042612	9.7	0.0044242	9.7	0.0010467	9.7	0.0081913	9.7	0.0046017
9.72	0.01112	9.72	0.013775	9.72	0.0062499	9.72	0.012424	9.72	0.0083505	9.72	0.0026991	9.72	0.0004803	9.72	0.0051896	9.72	0.0013035	9.72	0.0020237	9.72	0.0017688	9.72	0.0042951	9.72	0.0038575	9.72	0.0025732
9.74	0.051509	9.74	0.0087401	9.74	0.006832	9.74	0.011409	9.74	0.0097681	9.74	0.0027607	9.74	0.0015487	9.74	0.0019266	9.74	0.0041537	9.74	0.0027906	9.74	0.0033779	9.74	0.0049981	9.74	0.002963	9.74	0.0058038
9.76	0.045046	9.76	0.0082004	9.76	0.011271	9.76	0.017729	9.76	0.007984	9.76	0.00205	9.76	0.001535	9.76	0.0044777	9.76	0.0059151	9.76	0.00073932	9.76	0.0041535	9.76	0.0060873	9.76	0.003542	9.76	0.0062314
9.78	0.015379	9.78	0.018671	9.78	0.0073162	9.78	0.0035327	9.78	0.0093722	9.78	0.0013881	9.78	0.0034709	9.78	0.0013243	9.78	0.00074642	9.78	0.0019414	9.78	0.0022431	9.78	0.004176	9.78	0.0025838	9.78	0.0040303
9.8	0.020256	9.8	0.0062811	9.8	0.014315	9.8	0.010105	9.8	0.0048562	9.8	0.0028712	9.8	0.0043344	9.8	0.007787	9.8	0.00096498	9.8	0.00047782	9.8	0.0023777	9.8	0.0008108	9.8	0.0027546	9.8	0.0049399
9.82	0.018503	9.82	0.00052005	9.82	0.010906	9.82	0.0056242	9.82	0.0056302	9.82	0.0019723	9.82	0.0035169	9.82	0.0030026	9.82	0.0012187	9.82	0.0038273	9.82	0.0020698	9.82	0.0089504	9.82	0.0032316	9.82	0.0051548
9.84	0.026365	9.84	0.0079977	9.84	0.0041627	9.84	0.014936	9.84	0.0069368	9.84	0.0011466	9.84	0.00538	9.84	0.0025486	9.84	0.002211	9.84	0.0016881	9.84	0.0062181	9.84	0.0039016	9.84	0.002543	9.84	0.0048462
9.86	0.033421	9.86	0.021948	9.86	0.0096139	9.86	0.0089264	9.86	0.0067644	9.86	0.00060142	9.86	0.0064825	9.86	0.011582	9.86	0.0034975	9.86	0.0026107	9.86	0.0013542	9.86	0.0045434	9.86	0.0019148	9.86	0.010166
9.88	0.044641	9.88	0.013881	9.88	0.014574	9.88	0.0088594	9.88	0.015254	9.88	0.0010534	9.88	0.0064094	9.88	0.0067483	9.88	0.00098554	9.88	0.001475	9.88	0.00068169	9.88	0.0021711	9.88	0.0030259	9.88	0.0044328
9.9	0.040675	9.9	0.0095216	9.9	0.0021781	9.9	0.0091099	9.9	0.013672	9.9	0.00095246	9.9	0.0031429	9.9	0.0043099	9.9	0.0063076	9.9	0.0015061	9.9	0.0049719	9.9	0.0073897	9.9	0.0027881	9.9	0.003245
9.92	0.023741	9.92	0.0099329	9.92	0.0066583	9.92	0.010926	9.92	0.0061469	9.92	0.00043342	9.92	0.0018726	9.92	0.0077452	9.92	0.0065321	9.92	0.0022522	9.92	0.0023258	9.92	0.00554	9.92	0.0042205	9.92	0.0017453
9.94	0.027125	9.94	0.022925	9.94	0.011758	9.94	0.02597	9.94	0.0076738	9.94	0.0028736	9.94	0.0033467	9.94	0.0021012	9.94	0.0023757	9.94	0.0015328	9.94	0.0051195	9.94	0.0054751	9.94	0.00049391	9.94	0.0021269
9.96	0.044835	9.96	0.0017244	9.96	0.0091368	9.96	0.013298	9.96	0.0068901	9.96	0.0010541	9.96	0.0027329	9.96	0.0061543	9.96	0.0040788	9.96	0.00044791	9.96	0.0053304	9.96	0.0066548	9.96	0.002433	9.96	0.0032079
9.98	0.019457	9.98	0.014831	9.98	0.0079378	9.98	0.0051951	9.98	0.011505	9.98	0.0014171	9.98	0.0033101	9.98	0.0068015	9.98	0.0030376	9.98	0.0026614	9.98	0.0037561	9.98	0.0031409	9.98	0.001972	9.98	0.0035295
10	0.015158	10	0.061055	10	0.0013722	10	0.022129	10	0.0018894	10	0.001227	10	0.00067447	10	0.011873	10	0.00073799	10	0.0031633	10	0.002166	10	0.0079264	10	0.0061032	10	0.0017739
